-0.44661	0.617997	0.631868	0.587688	0.631868	0.612981	0.6305	0.587688	0.6305	0.567406	1.09155	0.845458	0.957023	1.01057	1.09825	1.16159	1.16587	1.13645	1.12322
-0.854872	-1.06152	-0.999238	-1.07259	-0.999238	-1.02713	-0.983618	-1.07259	-0.983618	-1.07471	1.78708	0.801319	0.612251	0.638709	0.5608	0.532151	0.476273	0.421547	0.39607
0.713113	-1.44323	-1.42888	-1.41314	-1.42888	-1.46963	-1.46406	-1.41314	-1.46406	-1.44119	1.18106	-1.25548	-0.911982	-0.664646	-0.510146	-0.363729	-0.284263	-0.24248	-0.224111
-1.30039	-0.665214	-0.609284	-0.692495	-0.609284	-0.626718	-0.605005	-0.692495	-0.605005	-0.710134	1.50172	1.52115	1.62117	1.55454	1.51467	1.47825	1.42939	1.38704	1.36389
-0.803835	0.722677	0.615682	0.561812	0.615682	0.591958	0.535637	0.561812	0.535637	0.333147	0.182396	0.141769	0.16724	-0.0168032	-0.134001	-0.244091	-0.253711	-0.298342	-0.297744
-0.259733	-0.0904806	-0.0200868	-0.118478	-0.0200868	0.0124382	-0.0116354	-0.118478	-0.0116354	-0.138146	0.0879001	0.136241	-0.2437	-0.244299	-0.0849837	-0.0149048	0.0176352	0.0551562	0.0597837
-0.107542	-0.680733	-0.555663	-0.667368	-0.555663	-0.594439	-0.553507	-0.667368	-0.553507	-0.641883	1.31184	1.5646	1.49095	1.37923	1.2812	1.18629	1.11889	1.05293	1.04545
-0.00621342	-0.0864728	-0.111378	-0.16399	-0.111378	-0.0896715	-0.145927	-0.16399	-0.145927	-0.245275	0.858469	0.301546	0.556333	0.460668	0.24277	0.0311315	-0.14153	-0.208156	-0.256817
0.615928	-0.965639	-0.863612	-0.958495	-0.863612	-0.926441	-0.892803	-0.958495	-0.892803	-0.956101	1.15342	-0.135045	0.0214642	0.336724	0.493742	0.583656	0.628079	0.650099	0.656687
-0.477394	0.161974	0.422401	0.179006	0.422401	0.378213	0.399893	0.179006	0.399893	0.196775	1.12843	1.73002	1.7927	1.82973	1.91169	1.9134	1.87274	1.83077	1.80004
-0.453963	0.161434	0.197917	0.114983	0.197917	0.226113	0.185909	0.114983	0.185909	0.0774342	0.248003	0.65684	0.585101	0.388705	0.358443	0.376972	0.40988	0.423198	0.420032
-0.742664	0.847771	0.982379	0.877167	0.982379	0.959925	0.965705	0.877167	0.965705	0.907533	0.591124	0.919472	1.38918	1.60449	1.66462	1.66442	1.65283	1.64546	1.63159
0.751645	0.889528	0.864178	0.914271	0.864178	0.839994	0.886885	0.914271	0.886885	0.955939	-0.561956	0.0788632	0.434156	0.558136	0.640436	0.709463	0.757906	0.778018	0.778854
-1.05412	-0.420762	-0.274143	-0.400319	-0.274143	-0.299441	-0.2654	-0.400319	-0.2654	-0.366176	1.30975	1.1453	1.2822	1.3323	1.33958	1.28539	1.25399	1.25214	1.24247
-0.482116	0.191025	0.232492	0.144668	0.232492	0.265529	0.220258	0.144668	0.220258	0.107624	0.390601	0.76847	0.589686	0.400194	0.277848	0.348007	0.422285	0.442289	0.441506
-0.939465	1.61485	2.06134	1.84331	2.06134	2.06443	2.04946	1.84331	2.04946	1.97941	0.0203543	1.08405	0.962282	1.16375	1.28669	1.32867	1.3378	1.31182	1.31915
-1.04114	1.30007	1.65057	1.35057	1.65057	1.75248	1.67772	1.35057	1.67772	1.41297	-0.909702	0.157666	0.102151	0.0633875	0.0491547	0.048533	0.124252	0.173649	0.191831
-0.742042	0.87334	1.00709	0.903895	1.00709	0.985212	0.991254	0.903895	0.991254	0.935488	0.922934	0.850723	1.24017	1.46453	1.55249	1.57139	1.5756	1.58115	1.57655
-0.511783	-0.21367	0.029815	-0.180832	0.029815	-0.0387695	-0.014058	-0.180832	-0.014058	-0.163606	0.45887	1.06271	1.3565	1.38975	1.42402	1.46407	1.5254	1.55884	1.55995
-1.05851	-0.585537	-0.426263	-0.562343	-0.426263	-0.474981	-0.435252	-0.562343	-0.435252	-0.530359	1.50172	1.86245	1.63987	1.4923	1.41882	1.34563	1.34512	1.39003	1.40421
-1.13792	-0.300065	-0.209581	-0.322648	-0.209581	-0.222485	-0.229376	-0.322648	-0.229376	-0.33245	0.0324429	-0.100138	0.18005	0.231409	0.35066	0.479283	0.557594	0.571784	0.575576
-0.658926	-0.273533	-0.104329	-0.295062	-0.104329	-0.18232	-0.105912	-0.295062	-0.105912	-0.317968	0.412916	0.374151	0.51754	0.669093	0.761751	0.80949	0.823587	0.821362	0.819461
0.0469395	-1.1956	-1.00314	-1.15083	-1.00314	-1.15929	-1.12118	-1.15083	-1.12118	-1.17737	1.63211	0.689911	1.07385	1.21826	1.33443	1.41512	1.45883	1.47434	1.47171
-0.689695	1.20882	1.28821	1.12242	1.28821	1.28837	1.25344	1.12242	1.25344	1.04426	-0.980624	0.0825559	0.154563	0.265995	0.472244	0.59754	0.666006	0.710329	0.727933
-0.945777	0.128799	0.218791	0.140764	0.218791	0.236469	0.229756	0.140764	0.229756	0.168432	1.09883	0.925549	0.956573	1.04986	1.08125	1.11191	1.1397	1.17043	1.17658
-0.423604	0.563343	0.712231	0.568114	0.712231	0.747715	0.717175	0.568114	0.717175	0.588886	0.495685	0.683611	0.804101	0.95383	0.970598	0.956566	0.940135	0.942857	0.964034
-0.766405	0.357623	0.433718	0.357921	0.433718	0.46714	0.438438	0.357921	0.438438	0.374574	0.321905	1.43855	1.20956	1.09288	1.00875	0.917307	0.90989	0.957161	0.96789
-0.417595	-0.757789	-0.786337	-0.787014	-0.786337	-0.77347	-0.791116	-0.787014	-0.791116	-0.811306	0.338849	1.22039	1.08653	1.05433	1.02911	0.981242	0.928651	0.876249	0.841794
0.475006	-0.945197	-0.822723	-0.916124	-0.822723	-0.889599	-0.849233	-0.916124	-0.849233	-0.899476	1.0725	0.051767	0.224417	0.448679	0.629798	0.722832	0.778187	0.804778	0.813438
-0.446285	-0.374007	-0.226316	-0.352831	-0.226316	-0.208968	-0.230711	-0.352831	-0.230711	-0.325246	1.00913	0.804067	0.729618	0.693335	0.597797	0.526682	0.457738	0.437982	0.438858
-1.35061	-0.397487	-0.314012	-0.390269	-0.314012	-0.33682	-0.277785	-0.390269	-0.277785	-0.376119	0.622841	0.425249	0.594361	0.803939	0.989731	1.09998	1.14968	1.17075	1.16071
-1.00815	-1.11963	-1.12682	-1.09522	-1.12682	-1.14759	-1.12634	-1.09522	-1.12634	-1.06609	-0.133555	0.00597407	0.0949137	0.326262	0.505093	0.593415	0.665974	0.711469	0.722768
-0.977748	0.121118	0.146879	0.174646	0.146879	0.207277	0.184896	0.174646	0.184896	0.238318	0.13094	0.311093	0.703816	0.460051	0.189315	0.0500244	0.0444833	0.121705	0.153654
-0.419079	-0.578327	-0.559073	-0.589194	-0.559073	-0.571818	-0.543785	-0.589194	-0.543785	-0.598268	0.979948	0.606421	0.687409	0.506214	0.450054	0.497716	0.535549	0.549406	0.554698
-0.490077	-0.964178	-0.972014	-0.952152	-0.972014	-0.982951	-0.969225	-0.952152	-0.969225	-0.931397	0.573347	0.586416	0.245723	0.128034	0.135503	0.177563	0.205153	0.223148	0.232932
-0.424509	-0.534358	-0.458485	-0.537359	-0.458485	-0.449499	-0.444874	-0.537359	-0.444874	-0.531688	0.737701	0.592686	1.052	1.20927	1.21865	1.16563	1.11885	1.07543	1.05197
-0.249991	-0.800823	-0.632382	-0.794686	-0.632382	-0.732837	-0.533403	-0.794686	-0.533403	-0.820234	0.745647	0.26955	0.702423	0.95333	1.09196	1.17428	1.22148	1.25195	1.25501
-0.942194	-0.485589	-0.458726	-0.495022	-0.458726	-0.44321	-0.466214	-0.495022	-0.466214	-0.492823	1.23414	0.775135	0.843253	0.8082	0.82125	0.792365	0.744611	0.701728	0.691881
-1.06929	-0.178726	-0.0973055	-0.208514	-0.0973055	-0.11831	-0.0483139	-0.208514	-0.0483139	-0.256451	1.28826	1.17393	1.28813	1.3544	1.3599	1.37489	1.36651	1.34545	1.31849
-1.32966	-0.455316	-0.466887	-0.441661	-0.46688	-0.458389	-0.45525	-0.441661	-0.45525	-0.415624	1.26739	0.615318	0.406242	0.201231	0.0435576	0.0316838	0.0431572	0.0415435	0.0259574
-1.33247	-0.372437	-0.32835	-0.34103	-0.32835	-0.325875	-0.308691	-0.34103	-0.308691	-0.300181	0.790298	0.197575	0.295394	0.201495	0.310921	0.414225	0.46301	0.480276	0.479101
-0.54135	0.0875401	0.123101	0.0261866	0.123101	0.0821939	0.134751	0.0261866	0.134751	-0.0538736	0.662988	0.0876992	0.18495	-0.081038	-0.438673	-0.915885	-1.28928	-1.55679	-1.64986
-1.27873	0.823793	0.585425	0.684994	0.585425	0.484956	0.477532	0.684994	0.477532	0.526599	0.383642	0.565802	0.650909	0.591547	0.507033	0.392348	0.306983	0.255371	0.242039
-0.168543	0.434583	0.486876	0.395993	0.486876	0.5367	0.467539	0.395993	0.467539	0.371419	0.484539	0.358316	0.0453333	-0.394454	-0.750325	-1.07918	-1.30377	-1.47041	-1.49894
-0.89202	1.22827	1.02024	1.1204	1.02024	0.948329	0.942604	1.1204	0.942604	1.01594	1.77537	1.45441	1.62099	1.62421	1.69189	1.75408	1.75653	1.74142	1.72258
-1.40882	0.34534	0.390834	0.319835	0.390834	0.369161	0.441509	0.319835	0.441509	0.2746	1.13678	1.07568	1.54224	1.76717	1.86138	1.87887	1.87462	1.87044	1.85243
-1.31752	-0.900743	-0.932521	-0.888817	-0.932521	-0.947903	-0.929407	-0.888817	-0.929407	-0.866595	0.845262	1.22899	1.18973	1.24533	1.31218	1.35104	1.36982	1.36732	1.37272
-0.915445	0.0923399	0.185173	0.120767	0.185173	0.191411	0.202985	0.120767	0.202985	0.162688	0.179679	1.33258	1.46092	1.57831	1.59479	1.56835	1.53521	1.50349	1.46336
-0.453638	0.850734	0.893077	0.788316	0.893077	0.932602	0.872646	0.788316	0.872646	0.732256	-0.0192326	-0.0497196	-0.0854735	-0.205423	-0.348288	-0.334118	-0.412213	-0.443086	-0.432497
-0.742127	0.847122	0.81112	0.746674	0.81112	0.798046	0.77533	0.746674	0.77533	0.626449	1.00724	1.21646	1.12055	1.03032	0.889021	0.783507	0.723148	0.678255	0.640653
-0.123266	1.0634	0.93134	0.9891	0.93134	0.911239	0.888418	0.9891	0.888418	0.883082	0.0899827	0.694953	0.828509	0.797856	0.771296	0.84225	0.922845	0.959112	0.959568
0.660201	0.779148	0.827608	0.733824	0.827608	0.852069	0.813973	0.733824	0.813973	0.700724	-0.340237	0.896495	0.363809	0.331787	0.196451	0.14357	0.141235	0.159647	0.163504
0.107587	-0.440903	-0.548318	-0.481048	-0.548318	-0.571968	-0.570007	-0.481048	-0.570007	-0.52045	2.26074	1.02107	1.29298	1.43253	1.53387	1.59139	1.608	1.61143	1.60487
-0.331057	0.677254	0.705584	0.624568	0.705584	0.699911	0.767234	0.624568	0.767234	0.502099	2.11563	1.23006	1.55617	1.60414	1.48351	1.36262	1.26257	1.20369	1.1659
-0.170862	-0.424695	-0.362802	-0.442581	-0.362802	-0.335522	-0.364373	-0.442581	-0.364373	-0.448601	0.992519	-0.059367	-0.0425007	-0.0854748	-0.0654261	0.0540574	0.060819	0.0410783	0.0436054
-0.722854	0.0933981	0.147459	0.0898354	0.147459	0.183058	0.162623	0.0898354	0.162623	0.0973948	-0.204597	0.641978	0.557906	0.348859	0.22038	0.165446	0.172579	0.133366	0.117485
-0.272431	0.318037	0.30131	0.268061	0.30131	0.317008	0.276669	0.268061	0.276669	0.210248	0.396432	0.303179	0.546084	0.406159	0.279476	0.160879	0.0520691	-0.0660236	-0.0819528
-0.904024	0.716177	0.791914	0.618191	0.791914	0.709714	0.777857	0.618191	0.777857	0.510679	1.37422	1.79673	1.84696	1.9113	1.918	1.92205	1.9096	1.89901	1.88686
-0.0634531	-0.52947	-0.552451	-0.550059	-0.552451	-0.592547	-0.5458	-0.550059	-0.5458	-0.589641	2.45732	1.75005	1.84188	1.80369	1.70877	1.61322	1.55797	1.54049	1.53766
0.38926	-0.97586	-0.980724	-1.01216	-0.980724	-1.02839	-0.9664	-1.01216	-0.9664	-1.05878	2.0396	1.95922	2.03274	2.03201	1.97393	1.89211	1.83394	1.83015	1.8233
0.451152	-0.171837	-0.130108	-0.189587	-0.130108	-0.145327	-0.136175	-0.189587	-0.136175	-0.192651	1.60931	1.33748	1.20902	1.07266	1.00247	1.01669	1.05113	1.09239	1.1081
-0.959725	-0.215643	-0.225964	-0.257446	-0.225964	-0.208939	-0.232942	-0.257446	-0.232942	-0.296277	0.82492	0.617103	1.02544	1.11045	1.10926	1.126	1.14161	1.14664	1.14188
-0.223138	-0.705797	-0.722209	-0.739908	-0.722209	-0.727414	-0.717599	-0.739908	-0.717599	-0.777955	0.755084	0.539366	0.119232	0.0116118	0.0474826	0.151654	0.190661	0.198504	0.2154
-0.392807	0.886544	0.9561	0.855058	0.9561	0.931679	0.959933	0.855058	0.959933	0.837606	0.845262	0.93687	1.09992	1.06332	1.02575	0.998312	0.993556	1.01658	1.01077
0.761303	-1.28957	-1.23222	-1.29774	-1.23222	-1.2931	-1.23303	-1.29774	-1.23303	-1.29401	2.03447	1.05549	1.36868	1.59744	1.704	1.7629	1.78793	1.8024	1.79512
-0.87727	-0.879012	-0.92063	-0.904855	-0.92063	-0.90187	-0.934141	-0.904855	-0.934141	-0.91898	0.113283	0.388739	0.424088	0.350035	0.267412	0.275822	0.2501	0.269615	0.199483
-0.798362	-0.113162	-0.103075	-0.163649	-0.103075	-0.095008	-0.120905	-0.163649	-0.120905	-0.206308	-0.0882803	0.269845	0.504595	0.520377	0.510757	0.445363	0.354728	0.294244	0.262946
-0.807412	-0.352876	-0.27001	-0.38785	-0.27001	-0.306289	-0.267476	-0.38785	-0.267476	-0.414909	0.626864	0.533238	0.6866	0.653225	0.606382	0.570489	0.54734	0.518713	0.517816
-0.0152915	0.134623	0.166881	0.106439	0.166881	0.150906	0.163228	0.106439	0.163228	0.0841673	2.48494	1.57988	1.73049	1.69391	1.6156	1.50047	1.39347	1.32453	1.28394
-0.400881	0.415616	0.489328	0.355093	0.489328	0.45521	0.516053	0.355093	0.516053	0.279289	1.17383	1.4744	1.41458	1.40068	1.42252	1.45666	1.49051	1.51395	1.52061
-0.747132	1.40245	1.54485	1.33186	1.54485	1.58964	1.52139	1.33186	1.52139	1.27485	-0.688816	0.965194	0.789762	1.0476	1.11707	1.13948	1.14672	1.19052	1.19967
-0.832511	-0.22516	-0.110006	-0.267734	-0.110006	-0.156993	-0.111424	-0.267734	-0.111424	-0.310015	1.26796	1.29676	1.35515	1.31952	1.34117	1.40024	1.43998	1.44511	1.4381
-1.39542	-0.216872	-0.225087	-0.225009	-0.225087	-0.221435	-0.225594	-0.225009	-0.225594	-0.217906	0.742578	1.3655	1.72011	1.92141	2.00506	2.00136	1.98368	1.99726	1.99325
-1.25128	-0.880814	-0.898076	-0.882426	-0.898076	-0.885958	-0.896677	-0.882426	-0.896677	-0.870527	1.01729	0.610033	0.807562	0.808993	0.654819	0.470186	0.308988	0.213918	0.183131
-1.34055	0.103189	0.231875	0.106037	0.231875	0.221019	0.238532	0.106037	0.238532	0.124804	0.408488	1.31193	1.41462	1.46639	1.55597	1.62875	1.64518	1.61364	1.58827
-1.34928	-0.376151	-0.210076	-0.381705	-0.210076	-0.22316	-0.205077	-0.381705	-0.205077	-0.373352	0.288411	0.0787719	0.263703	0.342865	0.460424	0.521065	0.544801	0.555935	0.564809
-1.26867	0.0331931	0.100053	0.0419728	0.100053	0.125792	0.103851	0.0419728	0.103851	0.065222	-0.616668	0.43227	0.245543	0.338751	0.32323	0.438145	0.509364	0.519118	0.50993
-1.17227	-0.272475	-0.231122	-0.285074	-0.231122	-0.236095	-0.228227	-0.285074	-0.228227	-0.284637	0.766362	0.281054	0.360078	0.360437	0.344238	0.323294	0.309457	0.280721	0.267093
0.629672	-1.26924	-0.990732	-1.27714	-0.990732	-1.19977	-0.991034	-1.27714	-0.991034	-1.27434	1.08597	0.487192	0.976846	1.2676	1.39803	1.4628	1.48181	1.49132	1.48364
-0.519503	-0.922551	-0.901992	-0.924464	-0.901992	-0.878262	-0.899292	-0.924464	-0.899292	-0.912936	0.379061	0.49267	0.204279	0.0846327	-0.0563049	-0.143087	-0.190262	-0.236102	-0.225682
-1.5108	0.486329	0.618617	0.457863	0.618617	0.677411	0.616206	0.457863	0.616206	0.444535	-0.338484	0.697357	0.381969	0.331787	0.312348	0.345705	0.392283	0.412917	0.406138
-1.07555	0.0885438	0.22587	0.0572479	0.22587	0.190177	0.240936	0.0572479	0.240936	0.0341057	0.0203543	0.156124	0.377294	0.528164	0.684346	0.813007	0.868987	0.889997	0.898302
-1.27709	0.511386	0.58351	0.483487	0.58351	0.625004	0.578211	0.483487	0.578211	0.470594	0.659086	1.35626	1.10675	1.00693	0.813043	0.62971	0.475577	0.395597	0.371133
-0.903598	-0.752299	-0.722332	-0.781285	-0.722332	-0.713752	-0.707853	-0.781285	-0.707853	-0.811122	1.74493	0.880274	1.1201	1.04815	0.900372	0.699151	0.502927	0.36561	0.315163
-1.05169	-0.281023	-0.214177	-0.271359	-0.214177	-0.131106	-0.201677	-0.271359	-0.201677	-0.24659	-0.0177203	0.755911	0.531655	0.391643	0.381815	0.330734	0.329399	0.308172	0.30252
-1.00082	-0.808449	-0.784422	-0.815064	-0.784422	-0.823518	-0.798378	-0.815064	-0.798378	-0.810223	0.617493	0.989886	1.52578	1.8096	1.97761	2.0674	2.10851	2.12	2.1083
-0.720846	0.73806	1.01773	0.723836	1.01773	1.04832	1.03583	0.723836	1.03583	0.721407	1.20997	1.10691	1.4268	1.52395	1.59876	1.58453	1.56006	1.5313	1.49937
-0.329968	1.0715	1.33539	1.07628	1.33539	1.39964	1.34845	1.07628	1.34845	1.09737	1.05806	1.09314	1.22232	1.19531	1.13402	1.07346	1.03545	1.05469	1.06179
-1.10191	0.590216	0.694378	0.630373	0.694378	0.730644	0.724542	0.630373	0.724542	0.684362	0.435833	0.586386	0.843837	1.13217	1.26767	1.34266	1.39365	1.40898	1.40744
-0.445352	-1.28677	-1.24367	-1.28364	-1.24367	-1.32109	-1.28287	-1.28364	-1.28287	-1.28355	1.40866	0.925539	1.19005	1.4668	1.62976	1.70638	1.7444	1.75943	1.74906
-1.21103	-0.274032	-0.251212	-0.256227	-0.251212	-0.216566	-0.240389	-0.256227	-0.240389	-0.225028	1.15478	1.00734	1.06724	0.925591	0.737332	0.527418	0.403345	0.343397	0.323223
-1.20424	-0.55508	-0.381983	-0.547415	-0.381983	-0.468704	-0.345518	-0.547415	-0.345518	-0.53271	0.582805	0.925528	1.29838	1.57032	1.71758	1.77993	1.80234	1.81378	1.79902
-0.863793	-0.429474	-0.405729	-0.415853	-0.405729	-0.43095	-0.411625	-0.415853	-0.411625	-0.391602	0.629944	1.15537	1.65884	1.89634	2.01543	2.06301	2.08297	2.07813	2.06737
-1.30437	0.0407853	0.257301	0.110091	0.257301	0.244944	0.243495	0.110091	0.243495	0.171922	0.225491	0.699497	0.918096	1.10898	1.2519	1.30552	1.3277	1.34874	1.34315
0.197745	-0.693706	-0.458708	-0.675128	-0.458708	-0.555128	-0.356969	-0.675128	-0.356969	-0.700613	0.792545	0.652853	0.760229	0.868321	0.9493	1.0101	1.04741	1.06393	1.0574
-0.557201	-0.970275	-0.922551	-0.976271	-0.922551	-0.943737	-0.942101	-0.976271	-0.942101	-0.976647	1.12616	-0.0337009	0.0963525	0.0978264	0.104505	0.135136	0.164638	0.18306	0.185939
0.406299	-0.61549	-0.372958	-0.583736	-0.372958	-0.418299	-0.389884	-0.583736	-0.389884	-0.549052	1.98827	0.917281	0.999591	1.08324	1.11036	1.12147	1.09831	1.09183	1.08722
-0.374608	-0.215049	-0.0714404	-0.21594	-0.0714404	-0.119746	-0.0484252	-0.21594	-0.0484252	-0.207173	1.60657	0.943982	1.31748	1.45143	1.50724	1.50928	1.5049	1.50104	1.49336
-1.33343	1.08805	1.42148	1.03097	1.42148	1.4643	1.44439	1.03097	1.44439	0.976267	0.729525	1.21717	1.17782	1.16963	1.08072	1.02772	0.96205	0.917403	0.918845
-1.34061	-0.456046	-0.159655	-0.452228	-0.159655	-0.315791	-0.0671321	-0.452228	-0.0671321	-0.470307	1.60141	1.10848	1.24619	1.38358	1.47892	1.54958	1.59176	1.62487	1.62459
-0.719092	0.554126	0.924662	0.539205	0.924662	0.851965	0.940868	0.539205	0.940868	0.53663	1.60793	0.655257	0.702063	0.823627	0.907442	0.952847	0.950664	0.946865	0.94125
-0.888202	-0.0924196	0.246892	-0.0923014	0.246892	0.139656	0.349346	-0.0923014	0.349346	-0.110995	2.30877	1.43111	1.54215	1.65072	1.78368	1.86112	1.90186	1.91179	1.89798
-0.981211	-0.20265	0.427856	-0.165857	0.427856	0.130586	0.409416	-0.165857	0.409416	-0.118717	2.01892	1.15262	1.56192	1.81013	1.9837	2.07611	2.10935	2.12678	2.1124
-1.43323	-0.597772	-0.320307	-0.527603	-0.320307	-0.40222	-0.335994	-0.527603	-0.335994	-0.465775	1.34751	1.44834	1.58773	1.61816	1.66957	1.69642	1.7408	1.75925	1.75768
0.00224245	-0.139714	-0.00173959	-0.159295	-0.00173959	-0.0183926	0.00176293	-0.159295	0.00176293	-0.167197	2.50287	1.46552	1.83725	1.97001	1.99244	1.96039	1.91698	1.88414	1.86104
0.639683	-1.368	-1.23195	-1.36361	-1.23195	-1.30717	-1.21719	-1.36361	-1.21719	-1.35245	1.4672	0.0264661	0.130065	-0.0377251	-0.234867	-0.304195	-0.28195	-0.238428	-0.211846
-0.411232	-0.66533	-0.708791	-0.707675	-0.708791	-0.71741	-0.726764	-0.707675	-0.726764	-0.742477	0.857877	0.0875365	0.325376	0.213866	0.104193	0.0165656	-0.0507958	-0.106262	-0.125396
0.437719	-0.027012	-0.0535936	-0.0623439	-0.0535936	-0.0499099	-0.0474116	-0.0623439	-0.0474116	-0.123044	0.882997	0.388343	-0.23925	-0.244945	-0.402925	-0.578367	-0.665073	-0.758732	-0.738972
1.6419	-1.21231	-1.27716	-1.20454	-1.27716	-1.29724	-1.2749	-1.20454	-1.2749	-1.19709	1.49224	-1.00118	-0.950549	-0.920527	-0.749098	-0.604663	-0.546342	-0.507968	-0.485615
-0.389258	1.32355	1.27423	1.33503	1.27423	1.25648	1.2731	1.33503	1.2731	1.35522	1.14474	0.53551	0.159957	-0.0108969	-0.0485667	-0.0625426	-0.0585593	-0.0424151	-0.0591107
0.898053	1.73015	1.60367	1.52964	1.60367	1.60718	1.45332	1.52964	1.45332	1.29534	-1.76723	-0.646585	-0.622769	-0.844127	-1.08421	-1.18096	-1.3033	-1.52002	-1.66631
0.0670187	1.86597	2.19676	2.18385	2.19676	2.28546	2.31846	2.18385	2.31846	2.42608	-0.566482	-1.18624	-1.31887	-1.34358	-1.18541	-1.141	-1.05462	-0.982647	-0.943749
-0.0433739	0.0971465	0.336651	0.281081	0.336651	0.312819	0.336356	0.281081	0.336356	0.387079	0.173047	-0.374792	0.0239366	0.0469027	-0.00686412	0.0257542	0.0928104	0.136638	0.142044
1.37883	0.244682	0.499416	0.416636	0.499416	0.4335	0.465667	0.416636	0.465667	0.499476	0.33715	-1.55392	-1.69359	-1.52841	-1.48618	-1.40941	-1.35362	-1.29625	-1.26336
1.08646	1.32536	1.64362	1.55446	1.64362	1.65338	1.66934	1.55446	1.66934	1.70422	-0.390576	-0.162131	-0.0983742	0.0855729	0.224684	0.286153	0.353385	0.39225	0.400958
1.009	1.4654	1.81225	1.73518	1.81225	1.85575	1.86796	1.73518	1.86796	1.91897	0.342707	0.828425	0.76396	0.751194	0.852292	0.939754	0.993281	1.02518	1.03978
0.933715	0.319048	0.569283	0.499219	0.569283	0.558375	0.571506	0.499219	0.571506	0.60576	-0.0429388	-0.499205	-0.220505	-0.280971	-0.344363	-0.309222	-0.26513	-0.279792	-0.271497
0.981961	0.5601	0.680157	0.599788	0.680157	0.75109	0.693982	0.599788	0.693982	0.644427	-1.19272	-1.7058	-1.89309	-1.95825	-1.96308	-1.81401	-1.69066	-1.61329	-1.56322
1.11274	-0.33199	-0.204868	-0.250735	-0.204868	-0.263545	-0.232862	-0.250735	-0.232862	-0.209006	-0.734903	-2.336	-1.74615	-1.52773	-1.48846	-1.48194	-1.49986	-1.52907	-1.53608
0.403358	0.328538	0.603155	0.511135	0.603155	0.56216	0.58119	0.511135	0.58119	0.607627	0.360133	0.657631	0.676621	0.789746	0.899904	0.974704	1.01743	1.03244	1.0314
1.23342	0.741548	0.792915	0.830851	0.792915	0.885312	0.866028	0.830851	0.866028	0.933259	-1.17772	-1.32066	-0.990691	-0.913299	-0.951834	-0.91885	-0.86595	-0.783692	-0.740441
2.44175	0.422635	0.64686	0.513602	0.64686	0.650129	0.621502	0.513602	0.621502	0.567092	-0.51999	0.846898	0.453351	0.608149	0.764985	0.797724	0.774257	0.819171	0.839466
1.53443	1.11807	1.18856	1.21334	1.18856	1.20353	1.22771	1.21334	1.22771	1.30408	-1.41716	-1.04534	-0.732494	-0.832373	-0.911693	-0.910195	-0.823268	-0.747596	-0.719622
0.819363	1.52886	1.65128	1.58357	1.65128	1.73183	1.69178	1.58357	1.69178	1.65363	-1.90134	-1.32518	-1.04441	-0.776425	-0.60624	-0.546621	-0.489168	-0.463918	-0.463312
2.08266	0.844596	0.919047	0.863479	0.919047	0.963029	0.943747	0.863479	0.943747	0.898694	-1.44106	-1.07542	-1.13422	-0.804722	-0.597744	-0.491948	-0.384669	-0.343623	-0.326144
1.88829	0.146236	0.220798	0.197899	0.220798	0.295644	0.256911	0.197899	0.256911	0.260582	-1.42562	-1.95952	-1.43701	-1.20512	-1.0112	-0.920378	-0.902471	-0.917404	-0.901586
2.25028	1.41418	1.47933	1.49877	1.47933	1.54577	1.54793	1.49877	1.54793	1.59702	-1.03079	0.580664	0.698647	0.720487	0.771251	0.861732	0.958411	1.0135	1.02441
1.73172	0.86456	0.987	0.945346	0.987	1.10003	1.04997	0.945346	1.04997	1.03952	-1.24231	-1.38433	-1.20245	-1.09869	-0.948021	-0.846573	-0.761986	-0.678676	-0.642992
0.834733	1.13156	1.16702	1.16323	1.16702	1.154	1.18742	1.16323	1.18742	1.21117	-1.00079	-0.215613	0.105927	0.413124	0.554801	0.636837	0.688229	0.707702	0.717181
0.283619	2.33719	2.42198	2.41885	2.42198	2.45331	2.46002	2.41885	2.46002	2.50938	-0.779762	0.0873436	-0.346547	-0.604878	-0.501717	-0.408623	-0.40052	-0.423995	-0.411677
0.751645	0.889528	0.864178	0.914271	0.864178	0.839994	0.886885	0.914271	0.886885	0.955939	-0.561956	0.0788632	0.434156	0.558136	0.640436	0.709463	0.757906	0.778018	0.778854
1.8781	0.92058	0.967818	0.984631	0.967818	1.01276	1.00042	0.984631	1.00042	1.05216	-0.445266	-1.08956	-1.18271	-1.51942	-1.60043	-1.583	-1.4954	-1.4123	-1.3664
2.41548	0.308008	0.376638	0.365837	0.376638	0.426404	0.412512	0.365837	0.412512	0.432663	-0.789549	-0.834919	-0.559344	-0.487545	-0.498885	-0.474105	-0.424603	-0.355495	-0.322972
0.673351	1.59043	1.90192	1.887	1.90192	2.00498	2.02942	1.887	2.02942	2.12309	0.0583963	0.0908537	-0.252825	-0.403534	-0.321683	-0.255636	-0.196052	-0.132977	-0.0898821
1.42315	1.42667	1.75188	1.6763	1.75188	1.94292	1.89081	1.6763	1.89081	1.9007	0.167447	0.897317	0.807383	0.799737	0.691236	0.609952	0.576404	0.571649	0.573466
2.41253	0.643867	0.896752	0.784276	0.896752	1.00745	0.935565	0.784276	0.935565	0.897624	-1.78772	-2.07617	-1.86534	-1.57466	-1.38552	-1.22105	-1.12082	-1.06009	-1.02499
0.72147	2.13941	2.31671	2.22139	2.31671	2.4584	2.38088	2.22139	2.38088	2.31945	-2.08089	-1.64906	-1.84708	-1.84594	-1.77054	-1.6957	-1.67082	-1.57778	-1.55113
1.4057	1.70749	1.84032	1.78995	1.84032	1.97961	1.90864	1.78995	1.90864	1.88798	-1.77137	-2.28547	-2.2467	-2.0995	-1.88525	-1.72078	-1.64742	-1.57138	-1.50717
2.67266	0.523689	0.582664	0.584854	0.582664	0.658413	0.624716	0.584854	0.624716	0.655733	-1.29407	-0.0187174	-0.474971	-0.510817	-0.483899	-0.457422	-0.457306	-0.462207	-0.463501
2.05488	0.832798	0.916458	0.855896	0.916458	0.97249	0.940861	0.855896	0.940861	0.894742	-1.17233	-2.4653	-2.10367	-1.9425	-1.74137	-1.65163	-1.63328	-1.62742	-1.58829
2.00137	0.628621	0.662953	0.638923	0.662953	0.706177	0.682598	0.638923	0.682598	0.653429	-0.641568	-1.16898	-1.24229	-1.17491	-1.10636	-1.05164	-1.0184	-0.994443	-0.98872
1.71041	2.07216	2.12305	2.13716	2.12305	2.15915	2.17389	2.13716	2.17389	2.21705	-0.203502	0.805011	0.975723	1.17883	1.28979	1.33682	1.35847	1.36161	1.35823
1.12978	1.95145	1.92628	2.00894	1.92628	1.95791	1.97776	2.00894	1.97776	2.08416	-0.554273	0.0499101	0.0572453	0.0166662	-0.0741455	-0.147599	-0.232524	-0.292954	-0.320076
1.73353	0.981386	1.10641	1.06415	1.10641	1.22209	1.17103	1.06415	1.17103	1.16047	-1.32224	-1.13913	-1.0774	-0.995341	-0.925742	-0.858175	-0.759527	-0.704461	-0.66499
1.0795	1.00291	1.02123	1.03435	1.02123	1.03637	1.04496	1.03435	1.04496	1.08237	-1.39219	-0.878784	-0.761667	-0.457749	-0.241535	-0.132278	-0.048095	-0.000675948	0.015453
0.734027	0.985823	0.961023	1.00978	0.961023	0.936646	0.983133	1.00978	0.983133	1.05084	-0.794404	0.10813	0.548826	0.805232	0.923565	0.982604	1.01691	1.03091	1.02831
1.22848	1.41634	1.40853	1.45169	1.40853	1.45151	1.44185	1.45169	1.44185	1.50518	-1.01254	-1.10959	-0.887259	-1.09731	-1.10796	-1.00183	-0.948323	-0.91026	-0.881596
0.168588	0.20074	0.344107	0.302447	0.344107	0.2592	0.304009	0.302447	0.304009	0.350851	0.136803	-0.140483	0.1894	0.311629	0.391694	0.44041	0.458902	0.455242	0.460042
2.24938	0.743788	0.815858	0.795225	0.815858	0.865275	0.847228	0.795225	0.847228	0.857533	0.309926	0.0610692	0.250084	0.477123	0.577012	0.572497	0.538703	0.500868	0.478563
1.58134	0.872261	1.07227	1.05797	1.07227	1.22088	1.18398	1.05797	1.18398	1.23079	-0.692203	-0.839403	-0.782209	-0.931282	-1.04581	-1.10257	-1.08606	-1.04819	-1.04308
2.84082	0.653487	0.947562	0.812932	0.947562	1.03063	0.973183	0.812932	0.973183	0.930363	-1.33016	-1.63758	-1.47405	-1.28839	-1.08419	-0.962584	-0.884469	-0.810347	-0.775723
1.3685	0.463566	0.520092	0.519556	0.520092	0.499436	0.524025	0.519556	0.524025	0.572585	-0.254235	0.523449	0.455823	0.377157	0.397737	0.437869	0.438378	0.447482	0.436647
0.833871	2.04521	1.63355	2.01119	1.63355	1.42014	1.61423	2.01119	1.61423	1.99642	1.05806	0.74948	0.575392	0.353473	0.260789	0.181356	0.162535	0.161192	0.156215
0.0370838	3.05877	2.65713	2.96445	2.65713	2.46692	2.59296	2.96445	2.59296	2.88414	-0.603253	0.803712	0.670418	0.460638	0.23017	0.168006	0.230238	0.287775	0.305851
0.215844	1.75558	1.45716	1.68227	1.45716	1.32328	1.41243	1.68227	1.41243	1.61163	-0.97122	0.160516	-0.211875	-0.196931	-0.142809	-0.106977	-0.0494211	-0.00720463	-0.00442093
0.44879	1.45203	1.16766	1.39449	1.16766	1.03017	1.13459	1.39449	1.13459	1.34851	0.184106	-0.940017	-1.13993	-1.3496	-1.29448	-1.19284	-1.08501	-1.02577	-1.03724
-0.311897	2.54292	2.0793	2.43818	2.0793	1.83312	1.99639	2.43818	1.99639	2.32438	-0.223251	0.125326	-0.0867317	-0.109952	-0.148474	-0.123624	-0.0763178	-0.064958	-0.0540914
0.397589	0.643819	0.597632	0.631218	0.597632	0.579144	0.602511	0.631218	0.602511	0.62938	0.162022	-0.369932	-0.0139569	0.129503	0.229322	0.300405	0.334462	0.346594	0.359552
0.237564	2.33937	2.06344	2.19658	2.06344	1.95278	1.96271	2.19658	1.96271	2.05824	-1.29867	-1.28386	-1.15251	-1.16815	-1.13985	-1.04937	-1.02505	-1.03375	-1.02627
0.529163	0.86017	0.608442	0.809287	0.608442	0.502171	0.573187	0.809287	0.573187	0.771598	-0.504405	-3.22603	-2.71607	-2.48675	-2.20199	-2.06601	-2.00862	-1.9465	-1.90542
-0.855944	0.544759	0.580638	0.528386	0.580638	0.627208	0.574689	0.528386	0.574689	0.525542	-0.142323	-0.577531	-0.306541	-0.228255	-0.180944	-0.0858004	-0.0378246	-0.0488987	-0.101507
-0.870584	2.86653	2.73689	2.76748	2.73689	2.73416	2.68269	2.76748	2.68269	2.67569	-2.12953	-0.793955	-0.393296	-0.288141	-0.315439	-0.38682	-0.437994	-0.460616	-0.453433
0.53144	1.25434	1.04884	1.18225	1.04884	0.971983	1.00661	1.18225	1.00661	1.11909	-0.778622	-0.62236	-0.780726	-1.05925	-1.19478	-1.1591	-1.06047	-0.964381	-0.941538
0.0979717	2.17245	1.87901	2.05184	1.87901	1.7605	1.78561	2.05184	1.78561	1.94529	-1.36037	0.170235	-0.557725	-0.369301	-0.175279	-0.0615302	-0.00198358	0.0391871	0.0660399
0.532868	0.814944	0.709142	0.748752	0.709142	0.665804	0.670145	0.748752	0.670145	0.695858	0.177048	0.4639	0.583618	0.461549	0.361811	0.273833	0.152233	0.115146	0.0989497
0.928016	0.791553	0.668309	0.689729	0.668309	0.64504	0.607498	0.689729	0.607498	0.562833	-0.202482	-0.132712	-0.233406	-0.0825365	0.042465	0.0965027	0.156163	0.183735	0.200153
1.80481	0.346706	0.24195	0.309288	0.24195	0.217292	0.221784	0.309288	0.221784	0.281695	0.0639202	-1.88014	-1.38463	-1.22146	-1.19692	-1.15373	-1.09269	-1.04273	-1.01613
0.050008	0.337052	0.230991	0.191011	0.230991	0.214384	0.139553	0.191011	0.139553	0.000351862	0.0239818	-0.310424	-0.882584	-1.80747	-2.75379	-3.18875	-3.33247	-2.56523	-2.2854
1.18111	1.4377	1.20366	1.38128	1.20366	1.08329	1.16048	1.38128	1.16048	1.32956	-0.195271	-0.768776	-1.11021	-1.01576	-1.07047	-1.07922	-1.01025	-0.97214	-0.948521
-0.317086	0.313804	0.182949	0.375614	0.182949	0.106344	0.206038	0.375614	0.206038	0.415129	-0.355723	-0.78446	-0.499335	-0.334275	-0.292336	-0.26558	-0.242535	-0.220748	-0.212865
-0.161119	2.27236	1.85078	2.25362	1.85078	1.63414	1.84549	2.25362	1.84549	2.2536	-0.767059	-0.924171	-0.560287	-0.468092	-0.496833	-0.600594	-0.688088	-0.740767	-0.765262
0.51648	1.26815	1.03767	1.17907	1.03767	0.950856	0.975606	1.17907	0.975606	1.09814	0.723662	0.578382	0.795875	0.757364	0.778923	0.838106	0.87992	0.947465	0.952948
0.891096	2.00736	1.71525	1.81968	1.71525	1.59592	1.57012	1.81968	1.57012	1.60537	-1.0701	-2.53203	-2.15296	-1.90321	-1.73631	-1.63022	-1.52969	-1.46298	-1.43155
0.908574	2.23411	1.94195	2.11335	1.94195	1.82699	1.85523	2.11335	1.85523	1.99583	-1.13317	0.0805472	-0.296742	-0.278062	-0.0618132	-0.0343873	-0.0629259	-0.0966864	-0.1343
-0.15552	2.18045	1.8279	2.24536	1.8279	1.63017	1.85631	2.24536	1.85631	2.28559	0.909728	1.42825	1.43278	1.41332	1.41258	1.39503	1.39023	1.38642	1.37446
1.44921	1.99145	1.77913	1.92751	1.77913	1.71932	1.74384	1.92751	1.74384	1.86983	-1.12093	-1.26749	-1.50144	-1.37637	-1.27305	-1.10419	-0.99238	-0.945125	-0.930175
1.35519	-0.743506	-0.818775	-0.788227	-0.818775	-0.842233	-0.839957	-0.788227	-0.839957	-0.853694	0.901585	0.205721	0.131728	0.0120819	-0.0412746	-0.0637767	-0.105657	-0.143798	-0.156938
1.83607	0.895229	0.656102	0.764163	0.656102	0.539002	0.557304	0.764163	0.557304	0.617072	-0.622103	-0.458211	-0.499335	-0.580635	-0.591656	-0.59437	-0.687506	-0.708874	-0.680092
-0.243599	2.47965	2.27231	2.52483	2.27231	2.18105	2.3192	2.52483	2.3192	2.58812	0.35302	0.602586	0.230665	0.402222	0.423896	0.467498	0.475399	0.475984	0.485895
-0.205817	1.86027	1.71967	1.89115	1.71967	1.67249	1.75209	1.89115	1.75209	1.93658	0.345381	-0.474371	-0.298405	-0.44335	-0.703962	-1.01367	-1.31469	-1.52477	-1.59683
0.477255	1.24512	1.16298	1.1547	1.16298	1.17706	1.11451	1.1547	1.11451	1.0439	-1.73633	-1.82896	-1.82194	-1.71033	-1.58147	-1.4966	-1.44696	-1.4735	-1.39382
0.942128	1.2431	1.15548	1.2313	1.15548	1.09593	1.15531	1.2313	1.15531	1.23822	1.14213	0.666264	0.629512	0.71076	0.830126	0.897051	0.934441	0.952838	0.94691
1.31578	0.439007	0.356716	0.404352	0.356716	0.339381	0.343957	0.404352	0.343957	0.378601	-0.948336	-1.0255	-1.04441	-0.9949	-1.11191	-1.1485	-1.12513	-1.09344	-1.07722
0.396288	2.00072	1.84024	1.99528	1.84024	1.74234	1.8427	1.99528	1.8427	2.00712	0.14008	0.134324	0.185894	0.233936	0.201335	0.188169	0.205784	0.209295	0.2162
-0.154742	1.28617	1.16734	1.27842	1.16734	1.12514	1.16489	1.27842	1.16489	1.28689	-1.14991	-1.01074	-0.59	-0.44003	-0.327883	-0.316735	-0.323274	-0.327099	-0.328224
-0.44678	2.59267	2.42743	2.57774	2.42743	2.36283	2.42634	2.57774	2.42634	2.58274	-0.202482	-0.203785	-0.231203	-0.253996	-0.324315	-0.366915	-0.395748	-0.414599	-0.410193
-0.529557	1.23004	1.15304	1.23331	1.15304	1.11462	1.16371	1.23331	1.16371	1.25482	-0.266619	-0.303435	-0.0365672	0.0846915	0.184386	0.265915	0.304912	0.330955	0.34637
1.96461	1.36669	1.20971	1.3014	1.20971	1.15098	1.16641	1.3014	1.16641	1.24725	0.190868	-0.450004	-0.773084	-1.17808	-1.40737	-1.5215	-1.49215	-1.44337	-1.42259
0.0406048	1.30431	1.19951	1.30264	1.19951	1.17302	1.20532	1.30264	1.20532	1.31856	-0.0777478	-1.42277	-1.16425	-1.21105	-1.23423	-1.17227	-1.11569	-1.07265	-1.0241
0.399597	1.13668	1.02297	1.06142	1.02297	1.00941	0.984344	1.06142	0.984344	0.988929	-0.203502	-1.31104	-1.11453	-1.28081	-1.10919	-0.925958	-0.822411	-0.778154	-0.759981
-0.10651	0.754486	0.665986	0.769225	0.665986	0.641671	0.682691	0.769225	0.682691	0.797719	-0.385183	-0.381934	-0.509853	-0.592389	-0.575822	-0.538022	-0.605958	-0.611423	-0.611581
0.540391	-0.637959	-0.676718	-0.61197	-0.676718	-0.706414	-0.662547	-0.61197	-0.662547	-0.585654	-0.0599817	-2.30749	-2.0418	-2.11261	-2.05195	-1.94063	-1.74717	-1.67145	-1.62715
1.5942	-0.015733	-0.12309	-0.0209946	-0.12309	-0.149862	-0.12486	-0.0209946	-0.12486	-0.0158198	-0.708972	-1.92299	-1.71789	-1.62485	-1.39573	-1.28977	-1.22658	-1.17809	-1.141
1.7305	0.0924629	0.00644557	0.0302745	0.00644557	0.00254961	-0.0376534	0.0302745	-0.0376534	-0.0242292	-0.581278	-0.507574	-0.48531	-0.560507	-0.638152	-0.742643	-0.862861	-0.912751	-0.926945
1.95723	0.500325	0.358828	0.516095	0.358828	0.298258	0.367503	0.516095	0.367503	0.509998	-0.332467	-0.520904	-0.260556	-0.230665	-0.315082	-0.381388	-0.397576	-0.430944	-0.433719
0.960299	0.777721	0.594327	0.698988	0.594327	0.536302	0.541625	0.698988	0.541625	0.611055	0.0011419	-0.0928745	-0.0371063	0.0628879	0.0680882	0.0933904	0.0987461	0.114125	0.120788
1.44962	2.66238	2.51813	2.747	2.51813	2.50501	2.58382	2.747	2.58382	2.83482	-0.599274	-0.806504	-0.657066	-0.566795	-0.502698	-0.563507	-0.557195	-0.529551	-0.53191
0.721753	-1.43323	-1.50048	-1.46141	-1.50048	-1.49588	-1.52033	-1.46141	-1.52033	-1.49703	-0.903718	-1.73085	-1.91633	-1.85446	-1.95186	-2.28292	-2.67934	-3.08119	-3.51029
1.64558	0.611955	0.406309	0.588622	0.406309	0.298575	0.392044	0.588622	0.392044	0.574146	-0.162259	-0.668923	-0.547971	-0.38796	-0.209845	-0.11727	-0.0728566	-0.0431805	-0.0349595
1.99893	2.33808	2.04576	2.29941	2.04576	1.68312	1.91367	2.29941	1.91367	2.21091	-0.702155	-0.26448	-0.464093	-0.626005	-0.654098	-0.578791	-0.477636	-0.386548	-0.388006
-0.0636651	2.87927	2.75022	2.87517	2.75022	2.69207	2.75821	2.87517	2.75821	2.89355	-0.521777	0.126948	0.106691	0.233701	0.436027	0.518322	0.560392	0.569998	0.570353
0.529998	0.137531	-0.000139742	0.0621534	-0.000139742	-0.0430908	-0.0408052	0.0621534	-0.0408052	-0.108379	-1.42562	-0.815046	-0.606137	-0.346998	-0.193633	-0.145113	-0.130532	-0.112986	-0.103122
0.243135	0.183624	0.457656	0.184355	0.457656	0.419054	0.466835	0.184355	0.466835	0.199931	0.326387	-0.604028	-0.319442	-0.302745	-0.290016	-0.255894	-0.254439	-0.26909	-0.285333
1.4683	-0.57064	-0.451387	-0.586986	-0.451387	-0.37425	-0.454657	-0.586986	-0.454657	-0.589368	0.413771	0.932842	0.579258	0.479885	0.203744	0.118029	0.0257704	-0.00192157	0.0209815
0.53588	0.00896219	0.26918	-0.0114495	0.26918	0.196529	0.261479	-0.0114495	0.261479	-0.0164672	-0.144954	-0.729872	-0.300607	-0.0411334	0.0271667	0.0792482	0.0949938	0.108527	0.127771
-0.031977	1.16858	1.45522	1.16362	1.45522	1.55791	1.46224	1.16362	1.46224	1.17605	-0.504405	-0.685854	-1.57429	-1.62211	-1.4939	-1.45626	-1.38642	-1.35192	-1.33167
-0.110554	0.771228	0.802539	0.674713	0.802539	0.844287	0.76554	0.674713	0.76554	0.568878	1.06076	0.691585	0.452137	0.128857	-0.285021	-0.744208	-1.00839	-1.12553	-1.16309
0.0716144	1.08604	1.15513	0.968967	1.15513	1.22999	1.11174	0.968967	1.11174	0.839862	-0.447052	1.00155	0.618949	0.593251	0.533192	0.546717	0.549249	0.553158	0.550988
1.27745	0.309728	0.260872	0.239446	0.260872	0.281832	0.233261	0.239446	0.233261	0.161011	-0.48619	0.2555	-0.124491	-0.229783	-0.210827	-0.236743	-0.241371	-0.261076	-0.26898
0.900429	0.142256	0.148874	0.105185	0.148874	0.153796	0.170552	0.105185	0.170552	0.0520968	-0.558383	-2.04106	-1.75919	-1.58018	-1.34765	-1.21136	-1.10956	-1.04166	-1.01065
