1.33148	1.25309	1.26212	0.838851	-0.569897	-1.0445	-0.323932	-0.44661	1.09155	0.845458	0.957023	1.01057	1.09825	1.16159	1.16587	1.13645	1.12322
0.59005	0.733599	0.535465	0.498927	-0.263469	-0.187291	-0.316803	-0.854872	1.78708	0.801319	0.612251	0.638709	0.5608	0.532151	0.476273	0.421547	0.39607
1.52637	1.33986	1.64444	2.11422	-1.27601	-1.75061	-1.16137	0.713113	1.18106	-1.25548	-0.911982	-0.664646	-0.510146	-0.363729	-0.284263	-0.24248	-0.224111
-0.108946	-0.0241709	-0.158023	0.0143037	-0.825063	-0.841622	-0.894951	-1.30039	1.50172	1.52115	1.62117	1.55454	1.51467	1.47825	1.42939	1.38704	1.36389
1.17173	1.03452	0.72994	0.218406	-0.683395	-0.675853	-0.414793	-0.803835	0.182396	0.141769	0.16724	-0.0168032	-0.134001	-0.244091	-0.253711	-0.298342	-0.297744
0.220602	0.335574	0.15132	0.226029	0.86991	0.797553	0.724399	-0.259733	0.0879001	0.136241	-0.2437	-0.244299	-0.0849837	-0.0149048	0.0176352	0.0551562	0.0597837
-0.0415929	0.16509	-0.00109705	-0.0059264	0.480248	0.583571	0.453046	-0.107542	1.31184	1.5646	1.49095	1.37923	1.2812	1.18629	1.11889	1.05293	1.04545
0.0295419	0.0251102	-0.145654	-0.231513	0.581193	0.623766	0.511266	-0.00621342	0.858469	0.301546	0.556333	0.460668	0.24277	0.0311315	-0.14153	-0.208156	-0.256817
1.2161	1.30414	1.42116	1.72007	-1.30584	-1.36682	-0.886319	0.615928	1.15342	-0.135045	0.0214642	0.336724	0.493742	0.583656	0.628079	0.650099	0.656687
0.595011	0.851202	0.67093	0.587276	-0.467278	-0.295311	-0.146378	-0.477394	1.12843	1.73002	1.7927	1.82973	1.91169	1.9134	1.87274	1.83077	1.80004
0.428309	0.518694	0.336383	0.249282	-0.058463	0.0535021	-0.0465116	-0.453963	0.248003	0.65684	0.585101	0.388705	0.358443	0.376972	0.40988	0.423198	0.420032
1.14052	1.27472	1.2887	1.18801	-1.16278	-1.4086	-0.877507	-0.742664	0.591124	0.919472	1.38918	1.60449	1.66462	1.66442	1.65283	1.64546	1.63159
1.22363	1.27293	1.42436	2.08183	-0.635641	-0.723266	-0.53007	0.751645	-0.561956	0.0788632	0.434156	0.558136	0.640436	0.709463	0.757906	0.778018	0.778854
0.077178	0.317328	0.127913	0.1554	-0.72364	-0.542819	-0.782216	-1.05412	1.30975	1.1453	1.2822	1.3323	1.33958	1.28539	1.25399	1.25214	1.24247
0.445252	0.537756	0.353211	0.262533	-0.120035	0.00212563	-0.0906205	-0.482116	0.390601	0.76847	0.589686	0.400194	0.277848	0.348007	0.422285	0.442289	0.441506
1.06307	1.30798	1.34781	1.20502	-1.44878	-1.52565	-1.13248	-0.939465	0.0203543	1.08405	0.962282	1.16375	1.28669	1.32867	1.3378	1.31182	1.31915
0.607116	0.911594	0.655851	0.524206	-1.08743	-0.775127	-0.794712	-1.04114	-0.909702	0.157666	0.102151	0.0633875	0.0491547	0.048533	0.124252	0.173649	0.191831
1.14118	1.27467	1.28996	1.18897	-1.15021	-1.38518	-0.867959	-0.742042	0.922934	0.850723	1.24017	1.46453	1.55249	1.57139	1.5756	1.58115	1.57655
0.754616	1.01722	0.87499	0.709944	-0.210858	-0.164596	0.169852	-0.511783	0.45887	1.06271	1.3565	1.38975	1.42402	1.46407	1.5254	1.55884	1.55995
0.012108	0.249647	0.0954383	0.207696	-0.358034	-0.200441	-0.411822	-1.05851	1.50172	1.86245	1.63987	1.4923	1.41882	1.34563	1.34512	1.39003	1.40421
-0.00780558	0.158618	0.0133661	0.143789	-0.656223	-0.596155	-0.725973	-1.13792	0.0324429	-0.100138	0.18005	0.231409	0.35066	0.479283	0.557594	0.571784	0.575576
0.738704	0.92604	0.719666	0.61841	-0.377501	-0.295042	-0.120765	-0.658926	0.412916	0.374151	0.51754	0.669093	0.761751	0.80949	0.823587	0.821362	0.819461
1.1705	1.30613	1.35809	1.61387	-1.46406	-1.42051	-1.10203	0.0469395	1.63211	0.689911	1.07385	1.21826	1.33443	1.41512	1.45883	1.47434	1.47171
0.647656	0.761741	0.5706	0.531218	-0.199852	-0.180146	-0.1457	-0.689695	-0.980624	0.0825559	0.154563	0.265995	0.472244	0.59754	0.666006	0.710329	0.727933
0.162063	0.299944	0.189584	0.103812	-0.423987	-0.526685	-0.557017	-0.945777	1.09883	0.925549	0.956573	1.04986	1.08125	1.11191	1.1397	1.17043	1.17658
0.476657	0.659424	0.516666	0.337825	0.0945942	0.125893	0.116648	-0.423604	0.495685	0.683611	0.804101	0.95383	0.970598	0.956566	0.940135	0.942857	0.964034
0.0829974	0.203768	0.103397	0.0476561	-0.147613	-0.153774	-0.199412	-0.766405	0.321905	1.43855	1.20956	1.09288	1.00875	0.917307	0.90989	0.957161	0.96789
0.156219	0.166547	0.0298249	0.199816	1.24433	1.09562	0.995345	-0.417595	0.338849	1.22039	1.08653	1.05433	1.02911	0.981242	0.928651	0.876249	0.841794
1.21853	1.31318	1.43821	1.73415	-1.36792	-1.42198	-1.00459	0.475006	1.0725	0.051767	0.224417	0.448679	0.629798	0.722832	0.778187	0.804778	0.813438
0.556951	0.824209	0.647942	0.561322	-0.416666	-0.236268	-0.100913	-0.446285	1.00913	0.804067	0.729618	0.693335	0.597797	0.526682	0.457738	0.437982	0.438858
0.460893	0.598391	0.42013	0.348246	-0.685603	-0.678082	-1.07549	-1.35061	0.622841	0.425249	0.594361	0.803939	0.989731	1.09998	1.14968	1.17075	1.16071
-0.442938	-0.398274	-0.336728	-0.30092	-0.554592	-0.492548	-0.585173	-1.00815	-0.133555	0.00597407	0.0949137	0.326262	0.505093	0.593415	0.665974	0.711469	0.722768
-0.0924699	0.00982446	0.0330033	0.0779531	-0.307899	-0.136391	-0.522704	-0.977748	0.13094	0.311093	0.703816	0.460051	0.189315	0.0500244	0.0444833	0.121705	0.153654
0.0971162	0.161467	0.0625699	-0.0720522	0.322042	0.226318	-0.181267	-0.419079	0.979948	0.606421	0.687409	0.506214	0.450054	0.497716	0.535549	0.549406	0.554698
-0.219221	-0.174974	-0.157406	-0.240679	-0.269791	-0.118999	-0.312294	-0.490077	0.573347	0.586416	0.245723	0.128034	0.135503	0.177563	0.205153	0.223148	0.232932
0.143033	0.280638	0.133358	0.0388117	0.64108	0.7274	0.158927	-0.424509	0.737701	0.592686	1.052	1.20927	1.21865	1.16563	1.11885	1.07543	1.05197
0.878764	1.03359	0.760665	0.703672	-0.151983	-0.323175	-0.557333	-0.249991	0.745647	0.26955	0.702423	0.95333	1.09196	1.17428	1.22148	1.25195	1.25501
-0.0535019	0.0427375	-0.0211778	-0.130684	-0.408856	-0.31717	-0.650692	-0.942194	1.23414	0.775135	0.843253	0.8082	0.82125	0.792365	0.744611	0.701728	0.691881
0.658042	0.780185	0.494934	0.300452	-0.462234	-0.416157	-0.919695	-1.06929	1.28826	1.17393	1.28813	1.3544	1.3599	1.37489	1.36651	1.34545	1.31849
-0.100082	-0.0383079	-0.0522968	-0.148663	-0.738493	-0.668923	-0.977396	-1.32966	1.26739	0.615318	0.406242	0.201231	0.0435576	0.0316838	0.0431572	0.0415435	0.0259574
0.0843724	0.216403	0.146367	0.0194821	-0.830397	-0.712066	-1.10633	-1.33247	0.790298	0.197575	0.295394	0.201495	0.310921	0.414225	0.46301	0.480276	0.479101
0.743198	0.824297	0.576612	0.328434	0.54641	0.203254	-0.124493	-0.54135	0.662988	0.0876992	0.18495	-0.081038	-0.438673	-0.915885	-1.28928	-1.55679	-1.64986
1.72904	1.3416	1.52654	1.0983	-1.27303	-1.81641	-1.13902	-1.27873	0.383642	0.565802	0.650909	0.591547	0.507033	0.392348	0.306983	0.255371	0.242039
0.49554	0.643144	0.472907	0.200202	0.577137	0.431976	0.205442	-0.168543	0.484539	0.358316	0.0453333	-0.394454	-0.750325	-1.07918	-1.30377	-1.47041	-1.49894
1.7327	1.3392	1.63308	1.35805	-1.20141	-1.85411	-1.04094	-0.89202	1.77537	1.45441	1.62099	1.62421	1.69189	1.75408	1.75653	1.74142	1.72258
0.545091	0.602411	0.389061	0.189107	-0.50499	-0.650929	-1.14263	-1.40882	1.13678	1.07568	1.54224	1.76717	1.86138	1.87887	1.87462	1.87044	1.85243
-0.611751	-0.572447	-0.544238	-0.407248	-0.57407	-0.465386	-0.413517	-1.31752	0.845262	1.22899	1.18973	1.24533	1.31218	1.35104	1.36982	1.36732	1.37272
0.0905602	0.223184	0.140897	-0.157926	-0.70701	-0.539403	-0.883823	-0.915445	0.179679	1.33258	1.46092	1.57831	1.59479	1.56835	1.53521	1.50349	1.46336
0.729005	0.827545	0.623106	0.400285	0.379511	0.115925	-0.101467	-0.453638	-0.0192326	-0.0497196	-0.0854735	-0.205423	-0.348288	-0.334118	-0.412213	-0.443086	-0.432497
1.13249	1.10587	0.93809	0.706438	0.214297	-0.442574	-0.302668	-0.742127	1.00724	1.21646	1.12055	1.03032	0.889021	0.783507	0.723148	0.678255	0.640653
1.60651	1.28738	1.4425	1.31408	-0.36868	-1.31354	-0.66721	-0.123266	0.0899827	0.694953	0.828509	0.797856	0.771296	0.84225	0.922845	0.959112	0.959568
0.0937524	0.171076	0.0558436	-0.049442	1.33207	1.42583	1.03019	0.660201	-0.340237	0.896495	0.363809	0.331787	0.196451	0.14357	0.141235	0.159647	0.163504
1.73437	1.32694	1.6249	1.77622	-0.978469	-1.60326	-0.925333	0.107587	2.26074	1.02107	1.29298	1.43253	1.53387	1.59139	1.608	1.61143	1.60487
1.36885	1.26964	1.10657	1.2119	-0.680791	-1.25665	-1.10284	-0.331057	2.11563	1.23006	1.55617	1.60414	1.48351	1.36262	1.26257	1.20369	1.1659
0.565348	0.739983	0.546503	0.334963	0.469474	0.403493	0.134183	-0.170862	0.992519	-0.059367	-0.0425007	-0.0854748	-0.0654261	0.0540574	0.060819	0.0410783	0.0436054
0.421066	0.550944	0.405347	0.309908	-0.117199	-0.127583	-0.567784	-0.722854	-0.204597	0.641978	0.557906	0.348859	0.22038	0.165446	0.172579	0.133366	0.117485
1.26223	1.17074	1.13845	0.874101	0.416363	-0.683178	-0.102631	-0.272431	0.396432	0.303179	0.546084	0.406159	0.279476	0.160879	0.0520691	-0.0660236	-0.0819528
0.899684	1.01614	0.756945	0.366578	-0.27143	-0.632008	-0.762342	-0.904024	1.37422	1.79673	1.84696	1.9113	1.918	1.92205	1.9096	1.89901	1.88686
1.42746	1.19758	1.31322	1.07441	0.402313	-0.842323	0.0323624	-0.0634531	2.45732	1.75005	1.84188	1.80369	1.70877	1.61322	1.55797	1.54049	1.53766
-0.0489347	-0.059116	-0.210331	-0.368203	0.969299	1.13812	1.02704	0.38926	2.0396	1.95922	2.03274	2.03201	1.97393	1.89211	1.83394	1.83015	1.8233
1.32644	1.32449	1.46088	1.59968	-1.46728	-1.65679	-1.13061	0.451152	1.60931	1.33748	1.20902	1.07266	1.00247	1.01669	1.05113	1.09239	1.1081
0.212007	0.227911	0.0785359	-0.0374454	-0.128321	-0.102434	-0.170997	-0.959725	0.82492	0.617103	1.02544	1.11045	1.10926	1.126	1.14161	1.14664	1.14188
-0.0117591	-0.0207248	-0.151863	-0.168217	0.54591	0.635442	0.535942	-0.223138	0.755084	0.539366	0.119232	0.0116118	0.0474826	0.151654	0.190661	0.198504	0.2154
1.02138	1.11557	1.01893	0.729209	-0.58948	-0.722187	-0.273281	-0.392807	0.845262	0.93687	1.09992	1.06332	1.02575	0.998312	0.993556	1.01658	1.01077
1.30547	1.31698	1.50535	2.06913	-1.38232	-1.42377	-1.03295	0.761303	2.03447	1.05549	1.36868	1.59744	1.704	1.7629	1.78793	1.8024	1.79512
0.121131	0.135446	0.0261781	0.0546676	-0.0160091	0.0533044	-0.0664645	-0.87727	0.113283	0.388739	0.424088	0.350035	0.267412	0.275822	0.2501	0.269615	0.199483
0.381164	0.457705	0.284296	0.121083	-0.420443	-0.34418	-0.370662	-0.798362	-0.0882803	0.269845	0.504595	0.520377	0.510757	0.445363	0.354728	0.294244	0.262946
0.85939	0.971412	0.790256	0.487798	-0.527722	-0.464568	-0.40928	-0.807412	0.626864	0.533238	0.6866	0.653225	0.606382	0.570489	0.54734	0.518713	0.517816
1.43839	1.30321	1.41185	0.966085	-1.03916	-1.53925	-0.775448	-0.0152915	2.48494	1.57988	1.73049	1.69391	1.6156	1.50047	1.39347	1.32453	1.28394
0.67221	0.762293	0.519819	-0.108331	-0.346622	-0.287375	-0.278942	-0.400881	1.17383	1.4744	1.41458	1.40068	1.42252	1.45666	1.49051	1.51395	1.52061
0.751497	0.895668	0.671743	0.354839	-0.610538	-0.409776	-0.420533	-0.747132	-0.688816	0.965194	0.789762	1.0476	1.11707	1.13948	1.14672	1.19052	1.19967
0.346935	0.495632	0.253768	0.16492	-0.620033	-0.144894	-0.22149	-0.832511	1.26796	1.29676	1.35515	1.31952	1.34117	1.40024	1.43998	1.44511	1.4381
-0.583342	-0.513844	-0.571341	-0.395766	-0.868807	-0.862187	-0.885393	-1.39542	0.742578	1.3655	1.72011	1.92141	2.00506	2.00136	1.98368	1.99726	1.99325
-0.687699	-0.610485	-0.669945	-0.47405	-1.05295	-0.938317	-0.989135	-1.25128	1.01729	0.610033	0.807562	0.808993	0.654819	0.470186	0.308988	0.213918	0.183131
-0.0153931	0.150091	0.00420023	0.0144646	-0.987231	-0.697964	-0.990016	-1.34055	0.408488	1.31193	1.41462	1.46639	1.55597	1.62875	1.64518	1.61364	1.58827
0.181854	0.380327	0.182759	0.181645	-0.964383	-0.672258	-1.04089	-1.34928	0.288411	0.0787719	0.263703	0.342865	0.460424	0.521065	0.544801	0.555935	0.564809
-0.332639	-0.210206	-0.285874	-0.136537	-0.852827	-0.761187	-0.871677	-1.26867	-0.616668	0.43227	0.245543	0.338751	0.32323	0.438145	0.509364	0.519118	0.50993
-0.204537	-0.105371	-0.211415	-0.0444569	-0.500621	-0.396123	-0.553515	-1.17227	0.766362	0.281054	0.360078	0.360437	0.344238	0.323294	0.309457	0.280721	0.267093
1.01733	1.2929	1.02866	1.52722	-1.3354	-1.36108	-1.29857	0.629672	1.08597	0.487192	0.976846	1.2676	1.39803	1.4628	1.48181	1.49132	1.48364
-0.278054	-0.15125	-0.270154	-0.208228	-0.152482	-0.00839951	-0.167698	-0.519503	0.379061	0.49267	0.204279	0.0846327	-0.0563049	-0.143087	-0.190262	-0.236102	-0.225682
0.403239	0.613191	0.369546	0.417781	-1.071	-0.917114	-1.23685	-1.5108	-0.338484	0.697357	0.381969	0.331787	0.312348	0.345705	0.392283	0.412917	0.406138
0.308876	0.480656	0.255197	0.234166	-0.75725	-0.540293	-0.908148	-1.07555	0.0203543	0.156124	0.377294	0.528164	0.684346	0.813007	0.868987	0.889997	0.898302
0.168251	0.314677	0.151122	0.149643	-0.613688	-0.528716	-0.86901	-1.27709	0.659086	1.35626	1.10675	1.00693	0.813043	0.62971	0.475577	0.395597	0.371133
0.355652	0.48662	0.192121	0.164438	0.224838	0.283393	-0.0956142	-0.903598	1.74493	0.880274	1.1201	1.04815	0.900372	0.699151	0.502927	0.36561	0.315163
0.0802473	0.276309	0.11069	0.196858	-0.761539	-0.399772	-0.73004	-1.05169	-0.0177203	0.755911	0.531655	0.391643	0.381815	0.330734	0.329399	0.308172	0.30252
-0.428058	-0.351511	-0.390195	-0.316937	-0.699119	-0.508592	-0.561175	-1.00082	0.617493	0.989886	1.52578	1.8096	1.97761	2.0674	2.10851	2.12	2.1083
0.457775	0.759046	0.437846	0.309908	-0.0624957	0.0730964	-0.445683	-0.720846	1.20997	1.10691	1.4268	1.52395	1.59876	1.58453	1.56006	1.5313	1.49937
0.691167	0.985968	0.717374	0.524013	0.102776	-0.0481632	-0.203039	-0.329968	1.05806	1.09314	1.22232	1.19531	1.13402	1.07346	1.03545	1.05469	1.06179
0.0206779	0.191508	0.0992328	0.0486852	-0.429136	-0.239153	-0.492074	-1.10191	0.435833	0.586386	0.843837	1.13217	1.26767	1.34266	1.39365	1.40898	1.40744
-0.492686	-0.364543	-0.401061	-0.259752	-0.175028	0.179534	0.202855	-0.445352	1.40866	0.925539	1.19005	1.4668	1.62976	1.70638	1.7444	1.75943	1.74906
-0.233758	-0.119022	-0.181011	-0.176966	-0.878638	-0.739489	-0.803615	-1.21103	1.15478	1.00734	1.06724	0.925591	0.737332	0.527418	0.403345	0.343397	0.323223
0.341361	0.556554	0.328868	0.228762	-0.606273	-0.488926	-0.958595	-1.20424	0.582805	0.925528	1.29838	1.57032	1.71758	1.77993	1.80234	1.81378	1.79902
-0.380594	-0.27305	-0.302776	-0.327421	-0.662278	-0.427321	-0.459399	-0.863793	0.629944	1.15537	1.65884	1.89634	2.01543	2.06301	2.08297	2.07813	2.06737
-0.0566447	0.224973	0.124709	0.090947	-1.22804	-0.899569	-1.12526	-1.30437	0.225491	0.699497	0.918096	1.10898	1.2519	1.30552	1.3277	1.34874	1.34315
1.04615	1.21821	0.961078	1.06865	-0.488093	-0.940816	-0.822303	0.197745	0.792545	0.652853	0.760229	0.868321	0.9493	1.0101	1.04741	1.06393	1.0574
-0.0870678	0.0450126	-0.0237156	-0.100226	-0.182838	0.00225147	-0.19304	-0.557201	1.12616	-0.0337009	0.0963525	0.0978264	0.104505	0.135136	0.164638	0.18306	0.185939
0.0825553	0.391239	0.17724	0.125875	0.560518	1.15876	0.746623	0.406299	1.98827	0.917281	0.999591	1.08324	1.11036	1.12147	1.09831	1.09183	1.08722
0.196022	0.372816	0.188697	0.138032	0.476087	0.584137	0.249031	-0.374608	1.60657	0.943982	1.31748	1.45143	1.50724	1.50928	1.5049	1.50104	1.49336
0.819317	1.12109	0.729053	0.509572	-0.850049	-0.810783	-1.1961	-1.33343	0.729525	1.21717	1.17782	1.16963	1.08072	1.02772	0.96205	0.917403	0.918845
0.658067	0.94073	0.598294	0.431225	-0.869574	-0.720497	-1.28667	-1.34061	1.60141	1.10848	1.24619	1.38358	1.47892	1.54958	1.59176	1.62487	1.62459
0.834443	1.13898	0.824332	0.681641	-0.495949	-0.650749	-0.769008	-0.719092	1.60793	0.655257	0.702063	0.823627	0.907442	0.952847	0.950664	0.946865	0.94125
0.925074	1.17496	0.848158	0.729563	-0.567666	-0.992138	-0.907154	-0.888202	2.30877	1.43111	1.54215	1.65072	1.78368	1.86112	1.90186	1.91179	1.89798
0.775192	1.2246	0.851903	0.728534	-0.968334	-1.1805	-1.14027	-0.981211	2.01892	1.15262	1.56192	1.81013	1.9837	2.07611	2.10935	2.12678	2.1124
0.162947	0.474626	0.312828	0.129799	-1.25063	-0.888504	-1.35404	-1.43323	1.34751	1.44834	1.58773	1.61816	1.66957	1.69642	1.7408	1.75925	1.75768
1.31984	1.34061	1.28215	1.63612	-1.46803	-1.81759	-1.47161	0.00224245	2.50287	1.46552	1.83725	1.97001	1.99244	1.96039	1.91698	1.88414	1.86104
1.09833	1.2587	1.09206	1.33077	-0.561018	-0.958657	-0.686451	0.639683	1.4672	0.0264661	0.130065	-0.0377251	-0.234867	-0.304195	-0.28195	-0.238428	-0.211846
0.581088	0.550259	0.48158	0.0623225	-0.443593	-0.537633	-0.156818	-0.411232	0.857877	0.0875365	0.325376	0.213866	0.104193	0.0165656	-0.0507958	-0.106262	-0.125396
0.367094	0.339881	0.182734	-0.352058	0.0998821	0.203928	0.607845	0.437719	0.882997	0.388343	-0.23925	-0.244945	-0.402925	-0.578367	-0.665073	-0.758732	-0.738972
1.66463	1.2823	1.69416	2.48293	-0.804736	-1.20206	-0.74152	1.6419	1.49224	-1.00118	-0.950549	-0.920527	-0.749098	-0.604663	-0.546342	-0.507968	-0.485615
1.1743	1.07952	1.26549	0.889635	-1.18675	-1.45509	-0.893392	-0.389258	1.14474	0.53551	0.159957	-0.0108969	-0.0485667	-0.0625426	-0.0585593	-0.0424151	-0.0591107
-0.678908	-0.723228	-0.807258	-1.45202	0.623322	1.12328	0.640135	-0.123747	-0.910546	-0.410491	-0.316385	-0.1989	-0.0164537	0.0879029	0.13001	0.122635	0.139323
-0.00137243	0.0185717	-0.123947	-1.04397	0.744082	1.01641	0.951383	0.0781472	-0.793199	-0.67151	-1.16628	-1.10171	-1.17159	-1.10999	-1.01444	-1.0131	-0.972905
-0.63633	-0.694445	-0.76584	-1.47587	0.440629	0.766777	0.458548	-0.214725	-0.906556	-0.843978	-1.00332	-1.20421	-1.30639	-1.27931	-1.26669	-1.2029	-1.11738
-0.354738	-0.385241	-0.521151	-1.28352	0.628923	1.08672	0.802697	0.121854	-1.14727	-1.21469	-1.02652	-0.881387	-0.746779	-0.654843	-0.618347	-0.573811	-0.543302
-1.0999	-1.3161	-1.27695	-1.77783	0.310432	0.57656	0.26477	0.0138516	-0.874488	-2.36604	-2.27642	-2.09931	-1.9782	-1.95308	-1.90456	-1.88153	-1.86379
0.369501	0.401841	0.351338	0.0846108	1.0068	1.28805	1.60197	2.4488	-1.57611	-2.65008	-2.31083	-2.11025	-2.02642	-1.96606	-1.88342	-1.85216	-1.82613
-1.76238	-1.83515	-1.67916	-1.44858	1.09732	1.30449	0.83231	0.634056	-0.885448	-1.28274	-1.82046	-1.6537	-1.40597	-1.34643	-1.24666	-1.19945	-1.18029
-0.700492	-0.700852	-0.805435	-1.28607	1.98803	2.21464	2.11757	1.567	-0.773679	-2.19092	-2.23392	-2.10336	-1.96553	-1.79112	-1.6961	-1.66521	-1.64089
-1.00023	-1.06932	-1.0038	-1.01534	0.976225	1.08015	0.810402	0.144196	-1.84158	-1.99751	-2.06367	-1.89022	-1.8126	-1.73153	-1.65555	-1.63257	-1.5928
-0.880158	-0.914123	-0.922396	-1.23018	0.593106	0.977937	0.480128	-0.0332637	-1.83935	-2.3816	-2.00827	-1.62488	-1.49506	-1.44014	-1.40822	-1.37491	-1.35681
-0.194494	-0.109545	-0.184386	-0.732571	1.10689	1.36939	1.20958	0.822149	-1.24533	-1.77798	-1.63012	-1.5476	-1.34702	-1.19827	-1.08027	-1.04035	-1.02067
0.27003	0.315826	0.31879	-0.135959	1.9951	2.20517	2.32249	1.76687	-0.955218	-1.22943	-1.15953	-0.968307	-0.815399	-0.727506	-0.622035	-0.576557	-0.542997
-0.0564975	-0.13201	-0.145259	-0.61788	2.43258	2.45262	2.72796	1.77691	-0.412803	0.569677	0.0804397	-0.203014	-0.532447	-0.715757	-0.728797	-0.71123	-0.667827
-0.105877	-0.100931	-0.106527	-0.675611	2.14355	2.26628	2.31101	2.02747	-0.411991	-1.02378	-1.08639	-1.08041	-1.06488	-0.954132	-0.882124	-0.837843	-0.815121
0.531414	0.645728	0.730457	0.647903	1.7423	1.96904	2.17053	3.03761	-1.12093	-0.234624	-0.172318	-0.0919983	-0.00405467	0.140108	0.262861	0.344028	0.357311
-1.51045	-1.4155	-1.42151	-1.46273	1.25762	1.47143	1.2158	0.962971	-1.29803	-0.638185	-0.897553	-1.12449	-1.39754	-1.40632	-1.30895	-1.24941	-1.23428
-1.61346	-1.70034	-1.46187	-1.28571	0.894978	0.855167	0.561036	-0.302465	-1.0978	-1.32245	-1.12752	-1.24676	-1.44976	-1.62631	-1.7593	-1.82267	-1.80792
0.135814	0.298133	0.290283	-0.0126159	1.48378	1.41196	1.4799	1.03984	-0.796333	-2.4241	-2.50845	-2.268	-2.16365	-2.05423	-1.98549	-1.91084	-1.86552
-1.08521	-1.15799	-1.13594	-1.40957	0.953493	1.30784	0.870407	0.722517	-0.880395	-2.05532	-1.72148	-1.66081	-1.65292	-1.70743	-1.73451	-1.72862	-1.70887
-1.51391	-1.34473	-1.39115	-0.696838	0.643276	0.807215	0.502081	0.158534	-1.7292	-0.42798	-0.227563	-0.293753	-0.449266	-0.526604	-0.523715	-0.4935	-0.469291
0.500868	0.627505	0.570231	-0.0304982	1.0321	1.14632	1.42507	2.00471	-1.77333	-2.26096	-2.13077	-1.98769	-1.88817	-1.81716	-1.83927	-1.87198	-1.847
0.551254	0.622623	0.657871	0.186823	1.49432	1.30094	1.47893	1.47895	-1.79782	-1.24438	-0.951898	-0.627739	-0.486039	-0.424773	-0.404208	-0.410502	-0.413117
-0.929194	-0.960377	-0.860749	-1.15795	1.52581	1.69715	1.35905	0.733065	-1.40491	-1.59809	-1.21948	-1.04359	-0.906385	-0.811255	-0.754837	-0.72897	-0.717032
-0.00657778	0.136683	0.132569	-0.174586	2.29448	2.19455	2.2993	1.64487	-0.415389	-0.0833994	-0.399589	-0.803165	-1.07551	-1.26499	-1.33379	-1.3731	-1.40287
-1.28948	-1.27009	-1.12729	-0.916507	1.63428	1.6275	1.37455	0.919956	-1.43511	0.476966	0.598766	0.492403	0.408642	0.302615	0.268311	0.220401	0.187422
-1.18184	-1.2488	-1.18192	-1.45758	1.3193	1.53762	1.05335	0.320553	-0.858049	-0.862969	-1.14838	-1.01917	-1.05857	-1.06714	-1.02135	-1.00469	-0.991572
-1.06056	-1.46193	-1.46844	-1.78797	1.67762	1.82435	1.75793	1.92613	-1.07563	-0.723816	-0.841409	-0.899929	-0.888233	-0.860881	-0.799315	-0.756076	-0.734374
-0.857911	-0.890465	-0.801961	-1.10794	1.46588	1.49828	1.20172	0.406624	-1.0897	-1.45166	-1.57619	-1.6103	-1.663	-1.7019	-1.67688	-1.60948	-1.55135
-0.799889	-0.820972	-0.760987	-0.791685	1.97604	2.13719	1.96938	1.12172	-0.812379	-0.529568	-0.761577	-0.584161	-0.564716	-0.467365	-0.342408	-0.260686	-0.227443
-0.515448	-0.472228	-0.47791	-1.00441	2.07776	2.17096	1.86877	0.405507	-0.421209	-0.853392	-0.675317	-0.748451	-0.731236	-0.688209	-0.664458	-0.669206	-0.65693
0.349268	0.345006	0.274465	0.0119883	1.39846	1.43795	1.79429	1.15184	-0.69913	-0.832109	-0.73564	-0.66829	-0.572901	-0.518281	-0.501315	-0.489763	-0.485543
-1.4359	-1.6305	-1.56742	-0.701309	0.2561	0.38398	0.00354022	-0.00481353	-0.430273	0.116337	-0.348345	-0.156292	-0.0618579	0.0631357	0.15026	0.181949	0.201011
-0.75299	-0.735774	-0.78289	0.165499	1.5316	1.7296	1.82989	-0.236854	-1.34115	-0.912515	-1.55925	-1.40963	-1.22169	-1.17509	-1.05426	-1.041	-1.01604
-0.858476	-0.915139	-0.902463	-0.459609	1.02931	1.23341	0.956083	0.333378	-0.241554	-0.352271	-0.751688	-0.527302	-0.412291	-0.388459	-0.38661	-0.387178	-0.383118
-1.01811	-1.0137	-1.05461	0.1902	0.716156	0.769168	0.731212	0.115138	-2.3496	-2.48971	-2.04948	-1.80583	-1.655	-1.53321	-1.43103	-1.37392	-1.32089
-1.06997	-1.02695	-0.992174	-0.34807	1.28322	1.32943	1.11249	1.35569	-0.542787	0.122759	0.364348	0.444565	0.507501	0.529812	0.531732	0.561533	0.550493
-1.69476	-1.7489	-1.65969	-0.694458	0.684022	0.898526	0.544823	0.455776	-0.9904	-0.048624	-0.342726	0.0625355	0.228096	0.31046	0.346754	0.349596	0.352656
-0.740098	-0.668203	-0.676549	-1.07616	1.0935	1.34367	0.886259	-0.0555769	-1.53421	-0.486372	-0.532553	-0.612488	-0.651065	-0.571075	-0.484704	-0.464713	-0.453258
-1.32229	-1.34795	-1.19456	-1.01254	0.746941	0.904818	0.402836	0.809154	-1.13155	-1.39613	-1.29557	-1.13786	-1.06711	-0.950541	-0.852785	-0.877226	-0.849122
0.0795841	0.213156	0.175391	-0.259816	1.70032	1.76206	1.81313	0.835257	-0.296792	-0.0191739	-0.192411	-0.215913	-0.298602	-0.354872	-0.390201	-0.412363	-0.440091
-1.59079	-1.65753	-1.50336	-1.65854	0.797705	0.927252	0.674618	0.946286	-0.86892	-1.65351	-1.54133	-1.49344	-1.49158	-1.52177	-1.49123	-1.45572	-1.41272
-0.984245	-0.9972	-0.941762	-1.31773	1.19026	1.48746	1.03071	0.170596	0.648937	0.670849	0.61796	0.6296	0.684524	0.695211	0.705001	0.73026	0.723277
-0.851994	-0.892586	-0.798684	-1.12145	1.4512	1.46061	1.19711	0.341707	-1.79286	-1.54621	-1.48952	-1.45301	-1.40358	-1.35045	-1.33927	-1.35674	-1.36232
-1.04433	-1.11845	-1.02435	-0.787601	0.907158	0.966549	0.682583	0.924524	-1.39453	-0.51992	-0.315396	-0.350965	-0.501962	-0.681249	-0.857395	-0.964531	-0.974026
0.0669141	0.12312	0.0595393	-0.756017	1.80816	1.84473	1.87056	0.808418	-0.946692	-0.399656	-0.643671	-0.622508	-0.63289	-0.594333	-0.53819	-0.479812	-0.4469
-1.22206	-1.29324	-1.33027	0.01633	0.362357	0.629743	0.505798	-0.682483	-1.12609	-0.00201958	-0.174116	-0.14542	-0.154896	-0.175313	-0.190504	-0.216005	-0.216328
-1.4265	-1.61864	-1.56128	-0.694394	0.24413	0.378722	-0.0131927	-0.0204102	-1.72151	-0.414609	-0.164677	-0.155734	-0.08175	-0.0250693	0.0457774	0.113615	0.144343
-0.882393	-0.861241	-0.810437	-1.15782	1.54386	1.80328	1.40397	0.280621	-1.26904	-1.42039	-0.967766	-0.866107	-0.892091	-0.930322	-0.969737	-1.01697	-1.04041
-0.386782	-0.318907	-0.386499	0.230145	1.07001	1.31926	1.39048	-0.0454525	-1.54904	-0.544399	-1.32845	-1.48333	-1.29384	-1.22838	-1.18346	-1.12948	-1.13436
-0.603304	-0.545476	-0.638704	0.418264	0.91176	1.06225	1.04524	-0.30542	-1.42384	-0.808776	-1.14271	-1.20312	-1.12007	-1.07874	-1.05381	-1.07575	-1.07878
-0.871515	-0.931308	-0.920154	-0.436484	1.02631	1.22775	0.955801	0.321231	-0.584051	0.0898294	-0.169756	-0.326106	-0.25797	-0.150361	-0.0654008	-0.0348355	-0.0144453
-1.20821	-1.18231	-1.13932	-0.40474	0.608678	0.733458	0.328368	1.33318	-0.9646	-0.735614	-0.751733	-0.67255	-0.505798	-0.369511	-0.251415	-0.201912	-0.189208
-1.69859	-1.75212	-1.6639	-0.713306	0.70221	0.921293	0.568515	0.485187	-1.4918	-0.621437	-0.353874	-0.0672564	0.130887	0.222199	0.247011	0.259649	0.26523
-0.964086	-0.960974	-0.91498	-0.715525	1.06691	1.15695	0.73015	0.762887	-0.312223	-1.03619	-1.11597	-1.07512	-1.05957	-1.09824	-1.1443	-1.19961	-1.2132
-1.32926	-1.33042	-1.35358	0.151444	-0.0943391	-0.00960384	-0.162049	-0.494546	-2.20465	-0.986408	-1.43545	-1.50231	-1.25305	-1.09266	-1.02717	-0.966422	-0.920864
-0.366426	-0.268853	-0.282942	-0.694072	1.94476	2.02381	1.89926	0.989894	-0.162512	-0.394705	-1.20183	-1.16454	-1.14924	-1.01055	-0.967085	-0.938881	-0.870335
-1.32506	-1.35944	-1.23445	-1.36643	0.361555	0.574601	0.201104	0.28844	-1.71556	-2.19768	-1.73716	-1.72505	-1.79984	-1.76057	-1.74548	-1.66542	-1.60846
-1.59084	-1.71691	-1.57658	-1.43572	-0.860125	-0.610527	-0.794701	-0.0167621	-0.318438	0.293015	-0.501492	-0.878625	-1.04757	-1.20344	-1.15027	-1.08624	-1.08899
-0.439206	-0.286458	-0.372874	0.398515	-0.226129	-0.115799	-0.263192	-0.321512	-1.52004	-1.33033	-1.83124	-1.76237	-1.90115	-1.95623	-1.97113	-1.94847	-2.01285
-0.977026	-0.89506	-0.912713	0.137808	-0.724349	-0.419024	-0.686756	-0.0766317	-0.803424	-0.29394	-0.513673	-0.614574	-0.565519	-0.440259	-0.398417	-0.398375	-0.434563
-1.40749	-1.40212	-1.39652	-0.0932148	-1.04771	-0.712354	-0.990072	-0.113255	-0.335426	0.162941	0.110871	0.020545	-0.0723838	-0.0644761	-0.0243193	0.0123814	0.0306132
-0.109683	0.0273412	-0.0548097	0.215705	0.530709	0.665552	0.194257	0.44961	-1.38948	-1.23636	-1.13521	-0.955671	-0.63144	-0.442377	-0.32976	-0.263657	-0.242457
-0.0165227	0.0656218	0.0229261	0.556465	0.622671	0.417209	0.360704	0.636417	0.265341	0.543738	0.41757	0.195207	0.0303776	-0.140915	-0.271324	-0.331752	-0.349335
0.00530651	0.0976952	0.0693455	-0.383641	0.948786	0.709262	0.420066	-0.0143017	-1.95063	-1.32605	-0.99105	-0.984556	-0.908772	-0.870788	-0.840671	-0.840935	-0.831387
-1.59848	-1.70176	-1.59068	-1.0037	-0.386345	-0.156678	-0.418341	0.331709	0.140914	-1.17703	-0.915398	-1.07039	-1.06613	-1.05832	-1.02741	-1.01826	-1.0357
-1.15532	-1.15293	-1.03059	-0.587101	-0.535381	-0.308892	-0.558113	0.0229861	0.321905	0.346426	0.0497835	-0.341415	-0.544021	-0.604037	-0.580339	-0.529566	-0.491187
0.723161	0.599186	0.693992	0.141506	1.43367	0.485555	0.98982	1.42005	-0.748329	-0.98442	-0.934727	-0.999837	-1.03149	-1.09441	-1.18273	-1.22595	-1.23822
-0.631051	-0.605205	-0.534924	-0.842952	0.125926	0.170214	-0.0835816	-0.710792	-0.713805	-0.812794	-0.829812	-1.10051	-1.26431	-1.31923	-1.30288	-1.24213	-1.23208
0.962151	0.788182	0.91621	0.46953	1.26702	0.414629	0.842647	1.55816	-1.26904	-1.27749	-1.49661	-1.30782	-1.13967	-1.01801	-0.857702	-0.789035	-0.787245
0.00889139	0.105603	0.0490433	-0.55021	0.703035	0.622787	0.405152	-0.0458768	-0.416606	-0.435132	-0.655448	-0.699202	-0.586103	-0.429984	-0.394034	-0.387824	-0.366357
-1.39129	-1.49242	-1.35634	-1.59282	0.0178798	0.185601	0.0277526	-0.453864	-0.181845	-1.41476	-0.821855	-0.772723	-0.831722	-0.967225	-1.09534	-1.19088	-1.19677
-0.67935	-0.583492	-0.642572	0.326504	-0.314012	-0.260896	-0.320644	0.107219	0.742578	1.11463	1.05794	1.15538	1.18908	1.15855	1.12785	1.11645	1.10225
-0.209448	-0.141244	-0.106404	-0.605111	-0.193914	-0.164075	-0.47359	-0.613352	-0.548826	-0.792129	-0.849276	-0.85976	-0.810158	-0.779471	-0.743321	-0.765501	-0.759515
-1.31662	-1.37254	-1.25108	-1.4789	-0.543621	-0.376169	-0.624288	-0.152692	0.173047	-1.08877	-0.647762	-0.637818	-0.672652	-0.694894	-0.669133	-0.642626	-0.643778
0.266027	0.32305	0.180861	-0.426707	0.785769	0.572372	0.297038	0.654007	-0.520681	-0.951632	-1.07326	-1.08255	-0.994875	-0.883144	-0.790339	-0.733038	-0.706047
0.259742	0.305864	0.228094	-0.407088	1.32418	0.781797	0.778913	0.0594678	-0.83729	-0.397668	-0.432628	-0.506145	-0.532358	-0.446576	-0.381904	-0.365041	-0.362647
-0.607184	-0.575738	-0.529504	-0.56404	0.933585	0.999176	0.692334	-0.459832	0.408488	0.154866	0.415727	0.583084	0.702788	0.761484	0.794409	0.809761	0.811648
-0.517854	-0.432711	-0.451226	-0.822786	0.555288	0.743111	0.463983	-0.171739	-0.48619	0.691229	0.588293	0.449531	0.379049	0.353734	0.364755	0.419806	0.432879
0.623175	0.49941	0.309945	-0.352026	0.546991	0.421146	0.618047	0.19216	-1.35145	-1.51123	-1.62983	-1.68453	-1.56872	-1.49132	-1.47374	-1.46972	-1.46089
0.285499	0.126787	-0.0250705	-0.727425	0.868934	0.889439	1.05764	0.790842	-1.42127	-2.27599	-2.05221	-1.80348	-1.77772	-1.75881	-1.76338	-1.74683	-1.71768
0.624083	0.353267	0.312335	-0.378077	1.22193	1.16293	1.51166	0.814725	-0.654216	0.141992	-0.267928	-0.281676	-0.257792	-0.254366	-0.317985	-0.374556	-0.396299
0.792749	0.598038	0.261702	-0.940983	0.194331	0.284966	0.833778	0.396726	0.900105	1.25801	0.889237	0.531749	0.425145	0.328285	0.233716	0.208229	0.215313
-0.286697	-0.495223	-0.562988	-0.829283	0.880544	0.968957	0.760576	0.330437	-1.31471	-2.26074	-2.51816	-2.25519	-2.03821	-1.94621	-1.90872	-1.87167	-1.85992
0.219619	-0.169518	-0.510162	-1.17432	0.726894	0.942604	0.798256	0.0743433	-0.727812	-0.513803	-0.31207	-0.203689	-0.172938	-0.188184	-0.201664	-0.197319	-0.189499
-0.75461	-0.998968	-0.92996	-1.20514	2.95364	2.66089	3.05144	2.73471	-0.797265	-1.81445	-1.49412	-1.65567	-1.72975	-1.65526	-1.58266	-1.61381	-1.59668
0.212474	0.0212668	-0.0959075	-0.639364	1.9584	1.80321	1.80649	0.733193	-0.94188	-0.884587	-0.509313	-0.529242	-0.538625	-0.538371	-0.525122	-0.521356	-0.519995
0.645617	0.436367	0.180935	-0.839897	1.07753	0.993882	1.53061	1.36598	-0.896616	-0.184297	-0.319172	-0.415846	-0.593729	-0.785474	-0.931454	-1.04046	-1.09494
0.140897	-0.159799	-0.146885	-0.585074	2.90076	2.77663	3.24844	1.87009	-1.10787	-0.714493	-0.886405	-0.895227	-0.849831	-0.713234	-0.602432	-0.571185	-0.565038
-0.280411	-0.124942	-0.231841	-0.818155	1.26863	1.24272	0.946864	0.344591	-0.00443695	0.0694589	-0.618274	-0.831462	-0.965549	-1.24898	-1.44576	-1.55066	-1.62575
-0.230393	-0.0485793	-0.166991	-0.843209	-0.382975	-0.058113	-0.508129	-0.956692	-0.853895	-0.251424	-0.401926	-0.355461	-0.428459	-0.520252	-0.651455	-0.812643	-0.818104
-0.46268	-0.390079	-0.414662	-0.889073	0.723001	0.909438	0.532959	0.163794	-1.54683	-0.503527	-1.34962	-1.31308	-1.17047	-1.12749	-1.04839	-1.06179	-1.07101
-0.777421	-0.725636	-0.680565	-1.1603	0.525351	0.823942	0.476083	-0.414159	-1.12853	-0.724333	-0.762296	-1.03921	-1.32582	-1.44351	-1.39307	-1.23626	-1.1984
-1.70677	-1.77649	-1.60635	-1.91171	0.559809	0.543556	0.375064	0.134241	-0.552037	-0.0209395	-0.337017	-0.614604	-0.515097	-0.457551	-0.488893	-0.56392	-0.574306
0.0316783	-0.0322996	-0.0789806	-0.250264	2.65038	1.91519	2.0527	0.759394	2.08535	1.69567	1.60494	1.42243	1.25573	1.1878	1.20766	1.23101	1.23185
-1.76879	-1.85819	-1.75852	-1.14245	0.16551	0.282629	-0.0767234	-0.214852	0.158504	-0.662593	-0.913375	-1.07712	-1.19761	-1.12807	-0.994564	-0.929921	-0.892857
-1.16804	-1.14738	-1.20062	-0.671302	0.186975	0.425685	0.156769	-0.233263	0.280455	0.339731	-0.0434444	-0.176038	-0.0814826	0.00518543	0.0687279	0.102763	0.139236
-1.43681	-1.53823	-1.42215	-1.34518	-0.218482	0.0207582	-0.372503	-0.48855	-1.68525	-0.468852	-0.73173	-0.716539	-0.791068	-0.797665	-0.777513	-0.76241	-0.716727
-1.48297	-1.51475	-1.48259	-0.867974	-0.137362	0.0666519	-0.302838	-0.243642	-0.0388507	-0.574224	-0.340389	-0.423398	-0.46249	-0.452689	-0.435843	-0.501004	-0.519674
-0.831368	-0.777877	-0.843231	-0.29497	0.083333	0.367343	-0.0964051	0.131074	0.358336	-0.590364	-0.167958	-0.249559	-0.355737	-0.519036	-0.619609	-0.727139	-0.760475
-1.0047	-0.940431	-1.00878	-0.412362	-0.327435	-0.106694	-0.394806	-0.614469	-0.575381	-0.246879	-0.400802	-0.453224	-0.554659	-0.536309	-0.584771	-0.561354	-0.552672
