0.0980392 0.313726 0.235294 0.235294 0.0784314 0 0.0196078 0.0196078 0 0 
0.0983607 0.229508 0.278689 0.180328 0.114754 0.0655738 0.0163934 0.0163934 0 0 
0.2 0.3 0.225 0.075 0.05 0.075 0 0.025 0.025 0 
0.242525 0.269103 0.186047 0.116279 0.0930233 0.0431894 0.0232558 0.00996678 0 0.013289 
0.185185 0.312169 0.227513 0.132275 0.0529101 0.047619 0.026455 0.00529101 0.010582 0 
0.15 0.2625 0.25 0.1625 0.075 0.0375 0.0125 0.025 0.025 0 
0.367347 0.306122 0.22449 0.0816327 0.0204082 0 0 0 0 0 
0.220472 0.275591 0.23622 0.125984 0.110236 0.023622 0.00787402 0 0 0 
0.136364 0.236364 0.318182 0.145455 0.0545455 0.0363636 0.0363636 0.0181818 0.0181818 0 
0.128571 0.157143 0.1 0.0857143 0.128571 0.0714286 0.157143 0.114286 0.0428571 0.0142857 
0.207317 0.231707 0.231707 0.109756 0.109756 0.0609756 0.0243902 0.0121951 0 0.0121951 
0.185185 0.277778 0.240741 0.148148 0.0740741 0.0185185 0.037037 0 0 0.0185185 
0.172414 0.356322 0.195402 0.0804598 0.0804598 0.0804598 0.0114943 0.0229885 0 0 
0.26 0.16 0.27 0.19 0.05 0.06 0.01 0 0 0 
0.140351 0.27193 0.157895 0.157895 0.0877193 0.0438596 0.0789474 0.00877193 0.0438596 0.00877193 
0.16092 0.271264 0.245977 0.147126 0.0965517 0.0482759 0.0183908 0.0045977 0.0045977 0.00229885 
0.230769 0.230769 0.153846 0.230769 0.0769231 0 0.0769231 0 0 0 
0.236842 0.368421 0.184211 0.0789474 0.0789474 0.0131579 0.0394737 0 0 0 
0.125 0.28125 0.21875 0.15625 0.140625 0.015625 0.03125 0.015625 0 0.015625 
0.222222 0.259259 0.222222 0.111111 0.0740741 0.037037 0.037037 0 0.0185185 0 
0.198113 0.283019 0.226415 0.103774 0.0943396 0.0566038 0.0188679 0.0188679 0 0 
0.0819672 0.360656 0.229508 0.114754 0.0983607 0.0655738 0 0.0327869 0 0.0163934 
0.181818 0.290909 0.218182 0.2 0.0181818 0.0545455 0.0181818 0 0 0.0181818 
0.199367 0.272152 0.212025 0.148734 0.0822785 0.0348101 0.0189873 0.00632911 0.0126582 0.0126582 
0.153846 0.230769 0.230769 0.230769 0 0 0.0769231 0.0769231 0 0 
0.106796 0.320388 0.23301 0.174757 0.038835 0.0582524 0 0.0485437 0 0.0194175 
0.0491803 0.393443 0.245902 0.114754 0.0983607 0.0491803 0.0327869 0 0.0163934 0 
0.179204 0.267699 0.212389 0.126106 0.10177 0.039823 0.0376106 0.0110619 0.00884956 0.00884956 
0.114504 0.358779 0.259542 0.129771 0.0839695 0.0381679 0.00763359 0.00763359 0 0 
0.182432 0.27027 0.263514 0.114865 0.0743243 0.0608108 0.0135135 0.0135135 0.00675676 0 
0.2 0.276923 0.246154 0.0153846 0.107692 0.0307692 0.0153846 0.0153846 0.0307692 0.0153846 
0.197161 0.252366 0.214511 0.152997 0.0962145 0.033123 0.0315457 0.00630915 0.00946372 0.00315457 
0.2 0.425 0.175 0.1 0.025 0.025 0.025 0 0.025 0 
0.092437 0.336134 0.218487 0.12605 0.134454 0.0588235 0.00840336 0.00840336 0.00840336 0 
0.295082 0.278689 0.180328 0.131148 0.0819672 0.0327869 0 0 0 0 
0.193182 0.215909 0.272727 0.136364 0.0568182 0.0681818 0.0113636 0.0113636 0 0.0340909 
0.166667 0.24359 0.307692 0.102564 0.0641026 0.0769231 0.0128205 0 0.0128205 0.0128205 
0.141026 0.320513 0.179487 0.102564 0.0897436 0.0641026 0.0128205 0.025641 0.025641 0 
0.146667 0.346667 0.253333 0.106667 0.0666667 0.04 0.0133333 0.0266667 0 0 
0.0461538 0.307692 0.230769 0.184615 0.0923077 0.0307692 0.0153846 0.0307692 0.0307692 0.0307692 
0.165333 0.288 0.256 0.133333 0.088 0.0426667 0.016 0.0106667 0 0 
0.184211 0.280702 0.210526 0.166667 0.0701754 0.0263158 0.0263158 0.0175439 0.00877193 0 
0.123077 0.184615 0.2 0.0923077 0.138462 0.0615385 0.0769231 0.0307692 0.0307692 0.0307692 
0.231579 0.221053 0.257895 0.142105 0.0631579 0.0473684 0.0157895 0.0105263 0.00526316 0.00526316 
0.0740741 0.407407 0.333333 0.0740741 0.0740741 0 0.037037 0 0 0 
0.206349 0.301587 0.269841 0.0952381 0.0793651 0.031746 0.015873 0 0 0 
0.211268 0.225352 0.253521 0.140845 0.0704225 0.084507 0 0.0140845 0 0 
0.176471 0.294118 0.294118 0.0588235 0.0588235 0.0882353 0.0294118 0 0 0 
0.15 0.25 0.325 0.075 0.1 0.025 0.025 0.025 0 0 
0.172324 0.308094 0.227154 0.146214 0.075718 0.0417755 0.0234987 0.00522193 0 0 
0.2 0.3 0.255556 0.0888889 0.0333333 0.0777778 0.0222222 0 0.0222222 0 
0.172414 0.275862 0.310345 0.0689655 0.0689655 0 0.0344828 0.0689655 0 0 
0.185185 0.246914 0.234568 0.197531 0.0864198 0.0123457 0.0246914 0 0.0123457 0 
0.209677 0.370968 0.225806 0.112903 0.0483871 0.016129 0 0 0.016129 0 
0.164179 0.402985 0.223881 0.0447761 0.119403 0.0298507 0.0149254 0 0 0 
0.0833333 0.283333 0.133333 0.116667 0.2 0.116667 0.0166667 0.0166667 0.0166667 0 
0 0.444444 0.333333 0.111111 0.111111 0 0 0 0 0 
0.12766 0.319149 0.234043 0.106383 0.0425532 0.106383 0 0.0212766 0 0.0425532 
0.192308 0.288462 0.230769 0.0961538 0.0769231 0.0384615 0.0192308 0.0192308 0 0.0384615 
0.1875 0.3125 0.291667 0.0625 0.0833333 0.0208333 0.0416667 0 0 0 
0.148148 0.222222 0.185185 0.222222 0.0740741 0.0740741 0.037037 0.037037 0 0 
0.240964 0.313253 0.216867 0.0963855 0.060241 0 0.0361446 0.0120482 0.0240964 0 
0.1 0.24 0.24 0.12 0.08 0 0.06 0.02 0.08 0 
0.24359 0.205128 0.205128 0.128205 0.0897436 0.0641026 0.025641 0 0.025641 0 
0.148649 0.364865 0.256757 0.148649 0.0540541 0.027027 0 0 0 0 
0.193548 0.322581 0.225806 0.0967742 0.0645161 0.0645161 0 0.0322581 0 0 
0.132353 0.352941 0.205882 0.147059 0.0147059 0.0735294 0.0294118 0 0.0294118 0 
0.225806 0.322581 0.258065 0.112903 0.016129 0.0322581 0.016129 0 0.016129 0 
0.111111 0.305556 0.222222 0.166667 0.0555556 0 0.0555556 0.0277778 0 0.0555556 
0.206612 0.264463 0.305785 0.14876 0.0743802 0 0 0 0 0 
0.197368 0.381579 0.289474 0.0789474 0.0263158 0 0.0263158 0 0 0 
0.164384 0.369863 0.136986 0.219178 0.0958904 0.0136986 0 0 0 0 
0.180723 0.325301 0.253012 0.180723 0.0240964 0.0240964 0 0 0.0120482 0 
0.266458 0.258621 0.22884 0.125392 0.0517241 0.0360502 0.0266458 0.0031348 0.0015674 0.0015674 
0.191489 0.308511 0.234043 0.117021 0.0851064 0.0319149 0.0319149 0 0 0 
0.16 0.34 0.26 0.12 0.04 0.04 0.04 0 0 0 
0.148148 0.333333 0.148148 0.111111 0.0740741 0.0740741 0 0.037037 0 0 
0.225 0.225 0.241667 0.15 0.0916667 0.025 0.00833333 0.025 0 0 
0.15625 0.3125 0.09375 0.15625 0.09375 0.09375 0.03125 0 0.03125 0.03125 
0.212329 0.294521 0.171233 0.116438 0.0890411 0.0616438 0.0205479 0.00684932 0.0136986 0.00684932 
0.114286 0.342857 0.2 0.171429 0.114286 0.0285714 0.0285714 0 0 0 
0.131868 0.208791 0.164835 0.175824 0.0879121 0.0769231 0.0989011 0.010989 0.032967 0 
0.0851064 0.12766 0.106383 0.106383 0.12766 0.12766 0.12766 0.0638298 0.0212766 0.0851064 
0.105634 0.28169 0.197183 0.169014 0.0774648 0.0633803 0.0422535 0.0140845 0.0422535 0.00704225 
0.14 0.3 0.32 0.2 0.02 0 0.02 0 0 0 
0.147059 0.352941 0.176471 0.102941 0.117647 0.0294118 0.0441176 0.0147059 0 0.0147059 
0.148148 0.481481 0.296296 0 0 0.037037 0 0 0.037037 0 
0.190083 0.31405 0.289256 0.0909091 0.0826446 0.0247934 0.00826446 0 0 0 
0.0923077 0.338462 0.384615 0.0307692 0.0461538 0.0307692 0.0461538 0.0153846 0 0.0153846 
0.140845 0.295775 0.140845 0.183099 0.0985916 0.028169 0.0704225 0.0140845 0.0140845 0 
0.203704 0.277778 0.222222 0.0925926 0.0185185 0.0925926 0 0.0740741 0 0.0185185 
0.168224 0.261682 0.280374 0.158879 0.0934579 0.0186916 0.00934579 0 0.00934579 0 
0.259259 0.296296 0.148148 0.0740741 0.0925926 0.0925926 0.0185185 0.0185185 0 0 
0.108696 0.391304 0.173913 0.152174 0.152174 0 0.0217391 0 0 0 
0.168142 0.265487 0.283186 0.123894 0.0530973 0.0530973 0.0442478 0 0 0.00884956 
0.205882 0.5 0.117647 0.0294118 0.0882353 0.0294118 0 0 0.0294118 0 
0.204082 0.265306 0.285714 0.183673 0.0408163 0.0204082 0 0 0 0 
0.138889 0.361111 0.222222 0.166667 0.111111 0 0 0 0 0 
0.226415 0.283019 0.132075 0.198113 0.0660377 0.0566038 0.0283019 0 0 0.00943396 
0.242424 0.30303 0.272727 0.030303 0.121212 0.030303 0 0 0 0 
0 0.235294 0.176471 0.176471 0.176471 0.117647 0.0588235 0 0 0.0588235 
0.123418 0.221519 0.170886 0.183544 0.0822785 0.0727848 0.056962 0.028481 0.0221519 0.0158228 
0.0967742 0.322581 0.419355 0.0322581 0 0.0967742 0.0322581 0 0 0 
0.102941 0.338235 0.191176 0.117647 0.117647 0.0441176 0.0147059 0.0294118 0.0294118 0.0147059 
0.144737 0.223684 0.236842 0.131579 0.0394737 0.0789474 0.0789474 0.0263158 0.0394737 0 
0.0925926 0.296296 0.222222 0.166667 0.12963 0.0740741 0.0185185 0 0 0 
0.0909091 0.363636 0.181818 0.151515 0.030303 0.121212 0.030303 0 0.030303 0 
0.0882353 0.176471 0.186275 0.127451 0.166667 0.127451 0.0882353 0.0196078 0.00980392 0 
0.0609756 0.146341 0.170732 0.170732 0.097561 0.097561 0.0731707 0.097561 0.0731707 0.0121951 
0.140187 0.200935 0.219626 0.163551 0.149533 0.046729 0.0420561 0.0233645 0.0140187 0 
0.131579 0.157895 0.0789474 0.157895 0.131579 0.105263 0.105263 0.0526316 0.0526316 0 
0.151515 0.318182 0.267677 0.121212 0.0606061 0.050505 0.030303 0 0 0 
0.125 0.125 0.5 0.125 0 0.125 0 0 0 0 
0.142857 0.285714 0.183673 0.183673 0.0816327 0.0408163 0.0204082 0.0204082 0.0204082 0 
0.0309278 0.216495 0.247423 0.14433 0.123711 0.0515464 0.0515464 0.0412371 0.0412371 0.0309278 
0.159091 0.227273 0.318182 0.136364 0.0454545 0.0681818 0.0227273 0.0227273 0 0 
0.174497 0.228188 0.208054 0.0738255 0.107383 0.114094 0.033557 0.0469799 0.00671141 0.00671141 
0.105263 0.315789 0.157895 0.315789 0 0.105263 0 0 0 0 
0.103448 0.183908 0.195402 0.16092 0.137931 0.0574713 0.137931 0.0114943 0.0114943 0 
0.171717 0.161616 0.171717 0.131313 0.151515 0.0606061 0.030303 0.050505 0.020202 0.030303 
0.109091 0.218182 0.3 0.181818 0.109091 0.0272727 0.0181818 0.0272727 0 0 
0.0825688 0.229358 0.174312 0.110092 0.211009 0.0642202 0.0275229 0.0458716 0.0366972 0.00917431 
0.154696 0.19337 0.171271 0.171271 0.110497 0.0662983 0.0552486 0.0276243 0.038674 0.00552486 
0.145161 0.215054 0.177419 0.134409 0.0913979 0.0913979 0.0430108 0.0483871 0.016129 0.0215054 
0.0909091 0.318182 0.340909 0.136364 0.0454545 0.0454545 0.0227273 0 0 0 
0.0782609 0.252174 0.226087 0.147826 0.0869565 0.0695652 0.0521739 0.0521739 0.0173913 0.0173913 
0.15 0.266667 0.15 0.2 0.0333333 0.133333 0.05 0.0166667 0 0 
0.216667 0.2 0.216667 0.208333 0.075 0.05 0.025 0.00833333 0 0 
0.127907 0.104651 0.116279 0.116279 0.104651 0.0697674 0.116279 0.116279 0.0232558 0.0697674 
0.158273 0.28777 0.179856 0.100719 0.0863309 0.0791367 0.057554 0.00719424 0.0215827 0.00719424 
0.153846 0.403846 0.25 0.115385 0 0.0769231 0 0 0 0 
0.133333 0.233333 0.433333 0.166667 0 0.0333333 0 0 0 0 
0.157303 0.168539 0.247191 0.157303 0.0898876 0.101124 0.0337079 0.0224719 0.0224719 0 
0.13137 0.227633 0.204983 0.14043 0.123443 0.0736127 0.0441676 0.0260476 0.0192525 0.00679502 
0.166667 0.166667 0.238095 0.0952381 0.0952381 0.142857 0.0714286 0.0238095 0 0 
0.16129 0.225806 0.177419 0.177419 0.112903 0.0967742 0.0322581 0 0.016129 0 
0.0714286 0.333333 0.190476 0.190476 0 0.047619 0.142857 0 0.0238095 0 
0.135593 0.245763 0.194915 0.194915 0.118644 0.0508475 0.0338983 0.0169492 0 0.00847458 
0.137255 0.294118 0.27451 0.156863 0.0392157 0.0196078 0.0392157 0.0196078 0 0.0196078 
0.175182 0.167883 0.189781 0.167883 0.080292 0.116788 0.0291971 0.0291971 0.0364963 0.00729927 
0.126531 0.220408 0.187755 0.126531 0.134694 0.0857143 0.0612245 0.0204082 0.0163265 0.0204082 
0.210526 0.315789 0.245614 0.175439 0.0175439 0.0175439 0.0175439 0 0 0 
0.121019 0.171975 0.159236 0.146497 0.127389 0.0955414 0.0636943 0.0636943 0.0318471 0.0191083 
0.0862069 0.172414 0.137931 0.12069 0.0862069 0.172414 0.0517241 0.0862069 0.0517241 0 
0.111111 0.259259 0.111111 0.259259 0.111111 0.0925926 0.0555556 0 0 0 
0.130769 0.215385 0.169231 0.138462 0.115385 0.0846154 0.0461538 0.0538462 0.0307692 0 
0.153005 0.245902 0.224044 0.10929 0.0983607 0.0765027 0.0546448 0.0218579 0.00546448 0.010929 
0.112981 0.237981 0.177885 0.149038 0.0817308 0.0913462 0.0673077 0.0360577 0.0216346 0.0120192 
0.0970874 0.252427 0.106796 0.15534 0.0679612 0.0873786 0.145631 0.0291262 0.0194175 0.0291262 
0.105263 0.22807 0.192982 0.175439 0.122807 0.0701754 0.0350877 0.0350877 0 0.0175439 
0.132813 0.28125 0.21875 0.148438 0.0859375 0.0546875 0.03125 0.03125 0.0078125 0 
0.16129 0.225806 0.129032 0.16129 0.0967742 0.0967742 0.0322581 0.0645161 0.0322581 0 
0.158333 0.166667 0.191667 0.191667 0.0916667 0.108333 0.0166667 0.0416667 0.0166667 0.00833333 
0.18 0.14 0.22 0.08 0.14 0.1 0.04 0.06 0 0 
0.0384615 0.384615 0.307692 0.0769231 0.153846 0 0.0384615 0 0 0 
0.107955 0.1875 0.153409 0.176136 0.119318 0.107955 0.0511364 0.0568182 0.0227273 0.00568182 
0.163636 0.363636 0.2 0.2 0.0545455 0.0181818 0 0 0 0 
0.0833333 0.208333 0.1875 0.125 0.145833 0.145833 0.0625 0.0208333 0.0208333 0 
0.157205 0.256769 0.199127 0.134498 0.107424 0.0637555 0.0436681 0.0200873 0.0148472 0.000873362 
0.121076 0.152466 0.242152 0.161435 0.0941704 0.103139 0.058296 0.0403587 0.0134529 0.00448431 
0.191489 0.244681 0.191489 0.106383 0.0957447 0.0425532 0.0531915 0.0106383 0.0319149 0.0106383 
0.130435 0.0869565 0.173913 0.0869565 0.0434783 0.0869565 0.26087 0 0.0869565 0 
0.102564 0.333333 0.153846 0.128205 0.0512821 0.102564 0.0769231 0.025641 0.025641 0 
0.18232 0.19337 0.18232 0.154696 0.104972 0.0883978 0.0441989 0.0331492 0.0110497 0.00552486 
0.127737 0.160584 0.175182 0.160584 0.145985 0.0656934 0.0729927 0.0328467 0.0255474 0.00729927 
0.115108 0.251799 0.23741 0.165468 0.100719 0.0431655 0.028777 0.0215827 0.0215827 0 
0.119048 0.261905 0.15873 0.126984 0.126984 0.0714286 0.0634921 0.031746 0.0238095 0.00793651 
0.0740741 0.197531 0.135802 0.197531 0.148148 0.0617284 0.0864198 0.037037 0.0246914 0 
0.12987 0.298701 0.168831 0.181818 0.0909091 0.038961 0.025974 0.038961 0.012987 0 
0.14 0.12 0.2 0.17 0.1 0.09 0.05 0.08 0.02 0.02 
0.113889 0.247222 0.188889 0.144444 0.108333 0.0611111 0.05 0.0416667 0.0194444 0.0194444 
0.119403 0.268657 0.19403 0.134328 0.119403 0.0597015 0.0746269 0.0149254 0.0149254 0 
0.210526 0.210526 0.245614 0.140351 0.0526316 0.105263 0 0.0350877 0 0 
0.209677 0.177419 0.145161 0.193548 0.0806452 0.112903 0.0322581 0.0322581 0.016129 0 
0.12037 0.194444 0.175926 0.166667 0.101852 0.0740741 0.0740741 0.0648148 0.0185185 0.00925926 
0.135593 0.225989 0.158192 0.175141 0.135593 0.0564972 0.0451977 0.039548 0.0169492 0.0112994 
0.235294 0.264706 0.205882 0.0882353 0.0588235 0.117647 0.0294118 0 0 0 
0.153846 0.307692 0.115385 0.153846 0.0961538 0.0576923 0.0384615 0.0384615 0 0.0192308 
0.122449 0.244898 0.142857 0.122449 0.122449 0.142857 0.0612245 0.0408163 0 0 
0.0909091 0.181818 0.212121 0.272727 0.121212 0.030303 0.030303 0 0.0606061 0 
0.0727273 0.136364 0.172727 0.218182 0.109091 0.0818182 0.1 0.0636364 0.0363636 0.00909091 
0.154545 0.181818 0.163636 0.136364 0.127273 0.0818182 0.0727273 0.0272727 0.0454545 0.00909091 
0.133333 0.3 0.266667 0.0666667 0.1 0.0666667 0.05 0 0 0.0166667 
0.205357 0.241071 0.232143 0.151786 0.0357143 0.0803571 0.0267857 0 0.00892857 0 
0.162791 0.290698 0.186047 0.0930233 0.0697674 0.0697674 0.0465116 0.0581395 0 0.0116279 
0.14433 0.247423 0.164948 0.14433 0.14433 0.0824742 0.0206186 0.0103093 0.0309278 0 
0.254902 0.137255 0.313726 0.0784314 0.0588235 0.0588235 0.0392157 0.0588235 0 0 
0.146789 0.238532 0.302752 0.146789 0.100917 0.0183486 0.00917431 0.0366972 0 0 
0.169014 0.28169 0.140845 0.0704225 0.197183 0.0704225 0.028169 0.0140845 0.028169 0 
0.110169 0.135593 0.305085 0.177966 0.0932203 0.059322 0.0423729 0.0338983 0.0169492 0.0254237 
0.0652174 0.26087 0.0652174 0.152174 0.0869565 0.0217391 0.0434783 0.0652174 0.0434783 0.195652 
0.141935 0.245161 0.212903 0.135484 0.083871 0.0645161 0.0580645 0.0258065 0.0129032 0.0193548 
0.142857 0.186813 0.197802 0.175824 0.0769231 0.0879121 0.0549451 0.0549451 0.021978 0 
0.12987 0.181818 0.142857 0.142857 0.155844 0.142857 0.025974 0.0649351 0 0.012987 
0.126984 0.31746 0.253968 0.174603 0.0952381 0.015873 0.015873 0 0 0 
0.12766 0.382979 0.297872 0.148936 0.0212766 0.0212766 0 0 0 0 
0.1875 0.25 0.25 0.125 0.1875 0 0 0 0 0 
0.162791 0.209302 0.193798 0.162791 0.0930233 0.0465116 0.0620155 0.0465116 0.0155039 0 
0.145833 0.25 0.208333 0.104167 0.145833 0.0416667 0.0208333 0.0416667 0.0416667 0 
0.126506 0.240964 0.240964 0.126506 0.13253 0.0662651 0.0361446 0.0240964 0.0060241 0 
