15.9984 15.0152 17.0598 15.0152 12.938 16.6777 17.0598 16.6777 17.6565 0.327485 0.204678 0.140351 0.140351 0.0760234 0.0233918 0.0350877 0.0175439 0.00584795 0.0116959 0.810567 1.28805 1.67908 2.0132 2.29822 2.5082 2.61112 2.64236 
14.2188 13.6685 15.6994 13.6685 13.0571 15.355 15.6994 15.355 16.4506 0.375 0.211538 0.144231 0.0865385 0.0576923 0.0288462 0.0288462 0.0384615 0.0192308 0 0.870058 1.53207 2.02017 2.4151 2.73047 2.93555 3.08672 3.13303 
3.19323 3.08724 3.69844 3.08724 2.93812 3.67911 3.69844 3.67911 3.98615 0.44012 0.185629 0.173653 0.0718563 0.0658683 0.0179641 0.011976 0.011976 0.011976 0.00598802 0.787434 1.37232 1.77611 2.03892 2.19455 2.29382 2.33174 2.36031 
6.24468 6.1767 8.58195 6.1767 6.08781 8.47304 8.58195 8.47304 8.35665 0.220859 0.288344 0.202454 0.159509 0.0490798 0.0368098 0.0122699 0.0122699 0.0122699 0.00613497 0.824273 1.53662 2.17219 2.73731 3.19205 3.53258 3.74219 3.81216 
7.69144 7.7936 10.4165 7.7936 7.83591 10.3251 10.4165 10.3251 10.1509 0.413793 0.246305 0.17734 0.0886699 0.0246305 0.0295567 0 0.00985222 0.00985222 0 0.857851 1.52566 2.08505 2.61064 3.06545 3.40098 3.59701 3.66248 
4.79849 4.69758 5.65819 4.69758 4.57303 5.61629 5.65819 5.61629 6.27516 0.156794 0.33101 0.229965 0.125436 0.087108 0.0383275 0.0139373 0 0.010453 0.00348432 0.670905 1.16743 1.57379 1.90324 2.13893 2.33028 2.44777 2.49002 
4.13198 3.99347 4.81237 3.99347 3.83618 4.76057 4.81237 4.76057 5.14897 0.234783 0.208696 0.2 0.178261 0.0695652 0.0565217 0.0217391 0.0173913 0.00434783 0.00869565 0.757934 1.35371 1.81064 2.17163 2.455 2.66554 2.79523 2.83286 
21.6569 21.842 25.268 21.842 21.966 25.222 25.268 25.222 27.2717 0.246753 0.246753 0.214286 0.116883 0.103896 0.038961 0.0324675 0 0 0 0.783289 1.43234 1.92219 2.26392 2.49943 2.65102 2.73542 2.76826 
12.1911 11.883 14.7859 11.883 11.5573 14.6279 14.7859 14.6279 16.2344 0.102564 0.25641 0.213675 0.111111 0.111111 0.0854701 0.0512821 0.00854701 0.025641 0.025641 0.744318 1.29886 1.79444 2.2342 2.59789 2.8637 3.03137 3.08732 
12.0793 11.9928 15.9372 11.9928 11.7213 16.1895 15.9372 16.1895 15.4867 0.315315 0.225225 0.183183 0.12012 0.0930931 0.024024 0.027027 0.00600601 0.003003 0.003003 0.7674 1.39099 1.93099 2.41529 2.82348 3.12835 3.3156 3.37923 
7.52009 7.37589 9.05201 7.37589 7.21671 8.96809 9.05201 8.96809 9.92829 0.158879 0.242991 0.271028 0.17757 0.0560748 0.0280374 0.00934579 0.0186916 0 0.0280374 0.820987 1.44196 1.96436 2.42199 2.79426 3.06867 3.23299 3.28225 
7.80314 7.64512 10.0092 7.64512 7.45087 10.108 10.0092 10.108 10.1443 0.247934 0.272727 0.173554 0.190083 0.0495868 0.0330578 0.0247934 0 0.00826446 0 0.841586 1.58358 2.27737 2.89487 3.3934 3.76972 4.00022 4.08294 
11.9887 11.9595 13.8638 11.9595 11.7647 14.0466 13.8638 14.0466 14.7593 0.170264 0.273381 0.199041 0.184652 0.0863309 0.0503597 0.0239808 0.00239808 0.00719424 0.00239808 0.728119 1.2488 1.65313 1.97052 2.23426 2.45203 2.59808 2.64726 
14.2674 14.2119 17.2842 14.2119 14.1508 17.2956 17.2842 17.2956 18.2815 0.123656 0.311828 0.209677 0.172043 0.102151 0.0430108 0.0215054 0.00537634 0 0.0107527 0.777802 1.437 1.98049 2.43352 2.80296 3.07015 3.22617 3.28146 
7.06692 6.87273 8.36073 6.87273 6.65732 8.26881 8.36073 8.26881 9.15101 0.163265 0.272109 0.183673 0.163265 0.108844 0.0204082 0.0272109 0.0204082 0.0272109 0.00680272 0.72209 1.24286 1.70214 2.09648 2.4191 2.66792 2.82908 2.88204 
2.47061 2.3593 2.78219 2.3593 2.23623 2.69969 2.78219 2.69969 3.0291 0.185484 0.262097 0.201613 0.157258 0.0927419 0.0362903 0.0483871 0 0.00403226 0.00806452 0.753148 1.35934 1.83045 2.23078 2.52171 2.723 2.83342 2.8706 
19.1795 18.8316 22.4274 18.8316 18.3725 22.2338 22.4274 22.2338 24.1076 0.231638 0.225989 0.259887 0.124294 0.0621469 0.0621469 0.00564972 0.0225989 0.00564972 0 0.793465 1.34724 1.79786 2.21528 2.54693 2.78545 2.93833 2.98942 
17.8631 17.6956 21.8475 17.6956 17.4305 21.7615 21.8475 21.7615 23.3449 0.167568 0.291892 0.178378 0.0918919 0.102703 0.0756757 0.0432432 0.0216216 0.0162162 0 0.780472 1.36999 1.91189 2.35313 2.70544 2.96729 3.12701 3.185 
25.8775 24.8552 29.5437 24.8552 22.3517 30.066 29.5437 30.066 31.3284 0.442857 0.164286 0.114286 0.121429 0.0285714 0.0571429 0.0428571 0 0.00714286 0.0214286 0.854719 1.53371 2.08864 2.52824 2.84511 3.0716 3.2148 3.26029 
6.1845 5.95808 7.1754 5.95808 5.67981 7.07805 7.1754 7.07805 7.77027 0.110345 0.331034 0.165517 0.131034 0.124138 0.0482759 0.0275862 0.0137931 0.0206897 0.0206897 0.793564 1.43567 1.98963 2.43211 2.77846 3.02882 3.19152 3.25 
10.1777 9.83865 11.953 9.83865 9.44005 11.7555 11.953 11.7555 13.3295 0.245902 0.278689 0.204918 0.106557 0.0491803 0.0409836 0.0491803 0.00819672 0.00819672 0.00819672 0.821407 1.39342 1.85253 2.22216 2.48159 2.6632 2.77109 2.83163 
18.2143 17.9743 22.0366 17.9743 17.7005 22.0184 22.0366 22.0184 23.9059 0.22807 0.342105 0.175439 0.140351 0.0701754 0.0175439 0.0175439 0 0.00877193 0 0.887917 1.63891 2.33388 2.92541 3.39227 3.72307 3.90955 3.96808 
5.01088 4.83356 5.79751 4.83356 4.5941 5.73311 5.79751 5.73311 6.32517 0.125 0.227273 0.306818 0.153409 0.0852273 0.0284091 0.0284091 0.0227273 0.0170455 0 0.780293 1.37318 1.86426 2.28148 2.65451 2.91894 3.06314 3.11155 
13.6779 13.8043 16.7749 13.8043 13.9167 16.7556 16.7749 16.7556 17.9279 0.484536 0.206186 0.154639 0.0515464 0.0206186 0.0515464 0.0206186 0.0103093 0 0 0.898586 1.65983 2.3434 2.92108 3.37215 3.69594 3.89589 3.96892 
7.96531 7.67075 9.17007 7.67075 7.2551 9.10408 9.17007 9.10408 9.8551 0.125 0.227273 0.363636 0.159091 0.0681818 0.0227273 0.0340909 0 0 0 0.871096 1.57328 2.13049 2.57601 2.94957 3.22177 3.37976 3.44105 
7.42909 7.41544 8.56877 7.41544 7.39663 8.57211 8.56877 8.57211 9.3853 0.156463 0.309524 0.234694 0.119048 0.0918367 0.0272109 0.00680272 0.0272109 0.00680272 0.00340136 0.703902 0.916407 1.02216 1.16101 1.40176 1.51035 1.57339 1.54623 
4.23163 4.05015 4.97517 4.05015 3.8071 4.95581 4.97517 4.95581 5.27731 0.178808 0.337748 0.225166 0.10596 0.0264901 0.0596026 0.0264901 0.013245 0.00662252 0.00662252 0.826927 1.4229 2.00445 2.51231 2.90757 3.18965 3.36874 3.4251 
24.4282 23.399 26.5372 23.399 21.8638 25.9139 26.5372 25.9139 28.141 0.240964 0.307229 0.222892 0.126506 0.0662651 0.0060241 0.0120482 0.0120482 0 0.0060241 0.860046 1.46522 1.85603 2.0485 2.03614 1.96232 1.9534 1.9474 
2.34063 2.25982 2.69513 2.25982 2.14384 2.68103 2.69513 2.68103 2.91214 0.149425 0.283525 0.226054 0.195402 0.0804598 0.0229885 0.0229885 0.00766284 0.00383142 0 0.7444 1.30766 1.70561 2.03433 2.31109 2.55666 2.70082 2.75191 
6.55232 6.44981 7.52521 6.44981 6.33848 7.44209 7.52521 7.44209 8.32025 0.137795 0.244094 0.141732 0.15748 0.0826772 0.0708661 0.0590551 0.0472441 0.023622 0.0314961 0.627293 1.02695 1.35385 1.61296 1.81943 1.94225 1.99359 2.01688 
16.4752 15.8976 18.2305 15.8976 15.2948 17.7032 18.2305 17.7032 19.7922 0.106667 0.266667 0.164444 0.177778 0.137778 0.0622222 0.0311111 0.0311111 0.0177778 0.00444444 0.66394 1.02819 1.23675 1.28284 1.28879 1.47804 1.662 1.73398 
8.59022 8.43662 10.8363 8.43662 8.24631 10.9403 10.8363 10.9403 11.2117 0.189349 0.284024 0.177515 0.195266 0.112426 0.0118343 0.0236686 0.00591716 0 0 0.826949 1.55153 2.20409 2.77568 3.25061 3.60551 3.82155 3.8952 
18.9934 17.8817 20.6898 17.8817 16.2686 19.9411 20.6898 19.9411 22.0163 0.11254 0.250804 0.205788 0.14791 0.11254 0.0707396 0.0482315 0.022508 0.0160772 0.0096463 0.612034 1.00185 1.34598 1.59658 1.77487 1.90346 1.9604 1.98412 
6.93534 6.72913 8.09003 6.72913 6.4759 8.00529 8.09003 8.00529 8.84071 0.189944 0.256983 0.189944 0.156425 0.100559 0.0614525 0.0167598 0.0111732 0.00558659 0.0111732 0.818281 1.35633 1.86887 2.24432 2.50112 2.64769 2.72167 2.74603 
5.19435 4.99945 6.01301 4.99945 4.7381 5.95764 6.01301 5.95764 6.56312 0.19863 0.280822 0.164384 0.164384 0.10274 0.0205479 0.00684932 0.0479452 0 0.00684932 0.772786 1.36689 1.80199 2.1644 2.45713 2.67237 2.80986 2.85953 
5.84231 5.50192 6.39327 5.50192 5.04231 6.23173 6.39327 6.23173 6.69038 0.156627 0.277108 0.204819 0.144578 0.0963855 0.060241 0.0120482 0.0361446 0 0.0120482 0.80288 1.46095 2.0311 2.52518 2.93357 3.25657 3.45297 3.52449 
24.6432 22.711 27.1503 22.711 19.8298 25.7368 27.1503 25.7368 29.2241 0.204082 0.187755 0.138776 0.106122 0.122449 0.0857143 0.0693878 0.0367347 0.0326531 0 0.621294 0.848188 1.07819 1.30256 1.48908 1.57523 1.66437 1.74239 
25.4984 24.3992 27.8259 24.3992 23.1285 26.9793 27.8259 26.9793 29.7225 0.101449 0.195652 0.253623 0.202899 0.130435 0.0507246 0.0362319 0.00724638 0.0144928 0.00724638 0.727056 1.20108 1.52967 1.80114 2.02989 2.23185 2.3583 2.39685 
6.52419 6.54839 7.61741 6.54839 6.57016 7.65047 7.61741 7.65047 8.39637 0.135714 0.267857 0.260714 0.128571 0.0535714 0.0571429 0.0428571 0.0214286 0.0107143 0.0142857 0.656645 1.0257 1.33205 1.5356 1.67407 1.72021 1.74257 1.71566 
8.15149 7.86726 9.52961 7.86726 7.50446 9.4192 9.52961 9.4192 10.3685 0.19084 0.312977 0.129771 0.19084 0.0763359 0.0381679 0.0229008 0.0229008 0.00763359 0 0.804908 1.43766 1.96849 2.46688 2.88262 3.17939 3.35293 3.41344 
13.6651 13.2096 15.2979 13.2096 12.6613 15.0008 15.2979 15.0008 16.4515 0.142012 0.325444 0.272189 0.12426 0.0591716 0.035503 0.0236686 0.0177515 0 0 0.829176 1.35777 1.76636 2.09303 2.32772 2.50784 2.62036 2.65424 
8.10267 7.95274 10.2302 7.95274 7.78354 10.2541 10.2302 10.2541 10.8121 0.236264 0.28022 0.192308 0.131868 0.10989 0.032967 0 0.010989 0.00549451 0 0.815487 1.50311 2.0964 2.60469 2.99982 3.28225 3.44325 3.48391 
4.68755 4.45383 5.25891 4.45383 4.17682 5.10623 5.25891 5.10623 5.72605 0.146018 0.274336 0.225664 0.150442 0.0884956 0.039823 0.0353982 0.0132743 0.0176991 0.00884956 0.746856 1.2815 1.7941 2.17773 2.49666 2.69065 2.83454 2.87248 
17.8103 17.1436 19.2573 17.1436 16.2493 18.8925 19.2573 18.8925 20.1875 0.167665 0.269461 0.239521 0.11976 0.101796 0.0538922 0.0239521 0.00598802 0.011976 0.00598802 0.798428 1.38438 1.87788 2.22808 2.45036 2.59379 2.67259 2.69724 
4.31952 4.15667 5.08498 4.15667 3.87985 5.14856 5.08498 5.14856 5.22978 0.234043 0.25 0.196809 0.132979 0.117021 0.0265957 0.0265957 0.00531915 0.0106383 0 0.828626 1.50283 2.08239 2.57452 3.00604 3.3275 3.5218 3.58635 
6.1566 5.96118 7.27676 5.96118 5.68045 7.23768 7.27676 7.23768 7.87122 0.221477 0.241611 0.281879 0.134228 0.0402685 0.0268456 0.0201342 0.00671141 0.0201342 0 0.8289 1.4693 2.00106 2.45761 2.83273 3.09799 3.25744 3.31294 
7.25682 7.15016 9.60503 7.15016 7.02662 9.67565 9.60503 9.67565 9.69545 0.246032 0.309524 0.230159 0.126984 0.0396825 0.031746 0.015873 0 0 0 0.891767 1.58515 2.25112 2.82567 3.30915 3.66032 3.88656 3.95989 
6.46108 6.37183 7.79304 6.37183 6.21945 7.86733 7.79304 7.86733 8.2784 0.152381 0.252381 0.219048 0.147619 0.119048 0.047619 0.0190476 0.0285714 0.0047619 0.00952381 0.775769 1.35923 1.85212 2.28622 2.65378 2.93609 3.10919 3.16552 
11.3161 11.0782 12.7367 11.0782 10.8071 12.5463 12.7367 12.5463 13.6012 0.158879 0.299065 0.228972 0.191589 0.0654206 0.0233645 0.0140187 0.00934579 0.00934579 0 0.760235 1.37265 1.86845 2.29318 2.63089 2.88311 3.04896 3.10925 
3.2367 3.06836 3.65404 3.06836 2.87223 3.53929 3.65404 3.53929 3.98343 0.197248 0.321101 0.238532 0.133028 0.0550459 0.0321101 0.00458716 0 0.0183486 0 0.787781 1.39096 1.90477 2.31489 2.63513 2.83541 2.97429 3.00172 
14.1713 14.03 16.0046 14.03 13.2791 15.9086 16.0046 15.9086 16.6585 0.206612 0.305785 0.198347 0.136364 0.0702479 0.0454545 0.0165289 0.00826446 0.00826446 0.00413223 0.793958 1.49549 2.10707 2.62353 3.04031 3.35409 3.5447 3.61149 
6.67232 6.56274 8.24598 6.56274 6.38229 8.39821 8.24598 8.39821 8.07943 0.323383 0.271144 0.171642 0.134328 0.039801 0.0273632 0.0199005 0.00497512 0.00497512 0.00248756 0.757436 1.28393 1.75699 2.20362 2.58655 2.84744 3.00506 3.05822 
9.5 9.19504 10.8645 9.19504 8.79405 10.6774 10.8645 10.6774 11.8075 0.15493 0.225352 0.267606 0.133803 0.119718 0.0352113 0.0422535 0 0.00704225 0.0140845 0.78208 1.39323 1.81058 2.09217 2.32447 2.5465 2.7104 2.76151 
5.26703 5.11358 6.0789 5.11358 4.93522 6.00561 6.0789 6.00561 6.67733 0.294643 0.267857 0.1875 0.125 0.0625 0.0357143 0.00892857 0.0178571 0 0 0.863757 1.53358 2.06795 2.44112 2.72829 2.94239 3.09496 3.15819 
3.88235 3.74853 4.30098 3.74853 3.40588 4.27941 4.30098 4.27941 4.64902 0.184466 0.31068 0.194175 0.0970874 0.116505 0.0679612 0.0291262 0 0 0 0.848237 1.5532 2.13933 2.61738 2.99011 3.2559 3.41582 3.47341 
5.03836 4.75992 5.51058 4.75992 4.28439 5.34656 5.51058 5.34656 5.91005 0.160494 0.246914 0.296296 0.160494 0.0493827 0.0246914 0.037037 0.0123457 0.0123457 0 0.863796 1.52824 2.13066 2.62001 3.0452 3.37239 3.57311 3.63553 
8.93647 8.74947 11.0278 8.74947 8.52568 10.9884 11.0278 10.9884 12.1608 0.192118 0.330049 0.246305 0.1133 0.0788177 0.0295567 0.00492611 0 0.00492611 0 0.808953 1.37802 1.81406 2.14777 2.44407 2.68064 2.84385 2.90012 
4.83958 4.75795 6.07677 4.75795 4.62411 6.16172 6.07677 6.16172 6.27266 0.385135 0.243243 0.155405 0.121622 0.0405405 0.027027 0.0202703 0 0.00675676 0 0.871277 1.59476 2.19234 2.69417 3.09031 3.36419 3.53038 3.58947 
10.6883 10.9474 13.0589 10.9474 10.4559 14.0523 13.0589 14.0523 13.3279 0.480952 0.195238 0.147619 0.1 0.0428571 0.0142857 0.0047619 0.0047619 0.0047619 0 0.873493 1.58721 2.13399 2.61436 3.05539 3.41078 3.6275 3.69748 
12.8755 12.811 15.2328 12.811 12.6127 15.2749 15.2328 15.2749 16.3014 0.357542 0.21229 0.201117 0.128492 0.0391061 0.0391061 0.0111732 0 0.00558659 0.00558659 0.854334 1.4797 1.95485 2.35179 2.71792 2.99131 3.15521 3.19836 
8.00142 8.23044 10.9366 8.23044 8.22191 10.5307 10.9366 10.5307 10.7427 0.468421 0.189474 0.131579 0.121053 0.0421053 0.0157895 0.0210526 0.0105263 0 0 0.848973 1.5975 2.28535 2.89086 3.38063 3.74354 3.96577 4.04015 
