0.947916 0.8625 0.755842 0.8625 0.618591 0.726213 0.755842 0.726213 0.688583 1.03604 -1.3408 -1.36599 0.0796321 -0.053289 -0.88723 0.722704 0.404851 -0.372495 0.840315 0.279661 -0.564281 -0.709458 -0.702316 -0.652289 -0.618876 -0.650369 -0.664142 
0.657007 0.633864 0.55637 0.633864 0.640082 0.529255 0.55637 0.529255 0.522808 1.50724 -1.18199 -1.28399 -1.60983 -0.663305 -0.588055 0.295869 2.15713 1.36333 -0.743432 1.16476 0.83218 0.49177 0.327591 0.243535 0.153298 0.149155 0.140537 
-1.14538 -1.16259 -1.20333 -1.16259 -1.18715 -1.20933 -1.20333 -1.20933 -1.19063 2.15303 -1.7818 -0.662208 -2.07078 -0.391228 -1.18495 -0.857805 -0.0615672 0.422355 0.0674085 -0.0645 -0.0820706 -0.367751 -0.636411 -0.867158 -1.00624 -1.12005 -1.1267 
-0.646553 -0.638071 -0.487264 -0.638071 -0.618392 -0.495498 -0.487264 -0.495498 -0.589832 -0.021375 0.596043 -0.0535391 0.681114 -0.94991 -0.151242 -0.837707 -0.0369479 0.460474 0.0873064 0.483576 0.858211 1.02717 1.1533 1.20017 1.23206 1.25108 1.2543 
-0.410046 -0.363561 -0.218263 -0.363561 -0.302729 -0.219715 -0.218263 -0.219715 -0.343184 1.89195 -0.377138 -0.584285 -1.54291 -1.76352 -0.549084 -1.6768 -0.239482 0.146882 -0.743432 0.983137 0.795505 0.720277 0.828698 0.937781 0.994277 1.007 1.00883 
-0.882967 -0.889191 -0.915975 -0.889191 -0.891925 -0.920881 -0.915975 -0.920881 -0.875966 -0.656702 1.58378 0.527865 -0.38864 0.315581 -0.0679942 -0.723685 -1.06481 0.224802 -0.271619 -1.79818 -1.25456 -1.08026 -0.984116 -0.982421 -0.94035 -0.924985 -0.913974 
-0.991924 -1.00873 -1.04 -1.00873 -1.02498 -1.0483 -1.04 -1.0483 -1.03078 0.116706 -1.2478 -0.1054 1.26983 -0.268202 0.929973 -0.19015 0.392071 -0.56707 0.43405 -0.503393 -0.188561 -0.246122 -0.296336 -0.327369 -0.334573 -0.340869 -0.351729 
1.87293 2.02153 1.95941 2.02153 2.24882 1.99849 1.95941 1.99849 2.01034 0.235419 -0.366771 0.196505 -0.657146 0.874249 -0.0332455 0.54352 -1.06481 -1.13101 -0.743432 -0.126172 0.261415 0.146735 -0.0598366 -0.235284 -0.360823 -0.441417 -0.45767 
0.325521 0.33073 0.422419 0.33073 0.369265 0.420988 0.422419 0.420988 0.493088 -1.1945 -0.143211 0.183603 -0.83836 1.11435 2.51781 1.83016 -0.348819 2.19478 2.72863 -0.705972 -0.502417 -0.303191 -0.135994 -0.0312266 0.0234744 0.0561062 0.0655851 
0.307252 0.349361 0.591239 0.349361 0.398875 0.65351 0.591239 0.65351 0.390305 0.915349 -0.865145 -0.460796 -0.555519 0.51475 -0.852553 0.171467 -0.56168 -0.741501 -0.336794 -0.362566 0.0248043 0.177703 0.328067 0.436298 0.501658 0.533925 0.544316 
-0.438057 -0.434478 -0.418339 -0.434478 -0.414542 -0.421784 -0.418339 -0.421784 -0.373785 -0.636034 -0.453875 1.39566 1.24814 -0.717133 -0.632417 -1.03768 0.500997 -1.13101 3.05312 0.434692 0.316477 0.295225 0.345254 0.375752 0.393834 0.395054 0.385271 
-0.391787 -0.388768 -0.277981 -0.388768 -0.372257 -0.252044 -0.277981 -0.252044 -0.344098 0.247127 0.234527 -0.664299 1.64098 -0.933038 -0.35704 0.0187181 -1.06481 -0.0590593 -0.743432 0.741158 1.12693 1.39759 1.55707 1.61747 1.66054 1.68486 1.69838 
0.292449 0.343705 0.287218 0.343705 0.406718 0.334431 0.287218 0.334431 0.290311 -0.523126 0.249667 -0.125672 1.47049 0.289722 0.591981 -0.0368503 -0.863918 -0.197873 -0.418707 -0.946976 -0.788907 -0.80086 -0.811701 -0.784849 -0.720365 -0.6723 -0.656116 
0.66495 0.726108 0.788753 0.726108 0.837588 0.818216 0.788753 0.818216 0.774495 -0.985336 1.13971 0.0991163 1.07462 0.816161 0.188885 -0.206135 -0.614427 -1.13101 0.712594 -0.207799 0.288107 0.352058 0.374802 0.393773 0.396508 0.383598 0.383974 
-0.512139 -0.519903 -0.519701 -0.519903 -0.515552 -0.525909 -0.519701 -0.525909 -0.480635 -0.59253 0.22021 -0.450435 0.799038 1.03889 -1.05089 0.18404 0.644795 2.3984 0.177727 -1.03667 -0.822894 -0.628236 -0.48891 -0.401763 -0.330284 -0.283964 -0.271067 
-1.26351 -1.28618 -1.33768 -1.28618 -1.31389 -1.35518 -1.33768 -1.35518 -1.32219 -0.372189 -0.0115693 -0.071314 0.610439 0.503065 -0.179737 1.63219 -1.06481 -0.608001 0.348587 -0.574593 -0.156347 -0.176358 -0.144752 -0.189114 -0.230751 -0.276665 -0.289836 
1.46794 1.51043 1.5429 1.51043 1.59992 1.55354 1.5429 1.55354 1.57538 0.0855254 -0.84747 1.16021 -0.424486 -0.515066 1.23852 -1.29044 0.828311 -0.398207 -0.743432 0.0252209 -0.225548 -0.29114 -0.184477 -0.136851 -0.117906 -0.100297 -0.0949713 
1.25275 1.31757 1.45787 1.31757 1.42982 1.48321 1.45787 1.48321 1.47054 -0.549865 0.678187 -0.562338 -1.44175 0.834536 1.98058 1.28043 0.746447 0.972329 -0.743432 -0.168085 -0.0953715 0.110439 0.168782 0.191671 0.210654 0.216898 0.225778 
2.56288 2.5331 2.58636 2.5331 2.31847 2.71978 2.58636 2.71978 2.568 2.18018 -2.27589 -1.91683 -0.51444 -1.63238 0.964042 1.25402 -1.06481 -0.204538 2.15822 0.936548 0.841538 0.732936 0.617522 0.481138 0.399123 0.364474 0.349242 
-0.656391 -0.675188 -0.693507 -0.675188 -0.692067 -0.703219 -0.693507 -0.703219 -0.670439 -1.11734 1.58434 -0.834137 -0.212859 1.54785 0.47768 0.209707 0.0906483 1.55256 2.05816 0.0267045 0.280489 0.384229 0.371177 0.342995 0.321819 0.325337 0.332376 
-0.00360566 -0.0163594 0.0070362 -0.0163594 -0.0130604 -0.00672215 0.0070362 -0.00672215 0.0937659 0.226974 0.372529 -0.0014656 -0.981326 -0.946563 0.077694 1.68644 -0.378163 -0.0678458 0.366489 0.440938 0.0387042 -0.09859 -0.166841 -0.272262 -0.338806 -0.38144 -0.353752 
1.31016 1.36488 1.48559 1.36488 1.47858 1.52147 1.48559 1.52147 1.54767 0.0501391 1.84063 -0.624465 0.0796321 -0.247895 -1.208 -0.477046 -1.06481 0.00676215 -0.743432 1.43046 1.44357 1.59661 1.63531 1.61512 1.57626 1.53242 1.51002 
-0.848246 -0.866105 -0.895548 -0.866105 -0.888119 -0.903487 -0.895548 -0.903487 -0.869092 -0.972007 -0.817745 2.15203 0.489599 0.252995 -0.612028 0.265981 0.839068 1.07989 -0.743432 -0.170747 -0.0771014 -0.0572817 -0.0148315 0.0861129 0.123289 0.109516 0.105316 
0.568576 0.65691 0.714064 0.65691 0.795306 0.737811 0.714064 0.737811 0.725884 2.59351 -1.30591 -1.06403 -2.70841 -1.89703 0.657071 -0.266781 -0.201193 -1.13101 -0.743432 1.58919 1.5633 1.63012 1.62422 1.57343 1.52723 1.50946 1.51139 
-0.365277 -0.384418 -0.401028 -0.384418 -0.407608 -0.401534 -0.401028 -0.401534 -0.383846 -0.972007 -0.817745 3.35279 0.667982 -0.314238 -0.923681 0.654536 -1.06481 -1.13101 -0.743432 1.1802 1.068 0.880305 0.739955 0.697623 0.670458 0.641798 0.645697 
-0.452934 -0.427764 -0.489197 -0.427764 -0.382051 -0.480746 -0.489197 -0.480746 -0.448428 -0.659993 1.08637 0.627799 -0.589191 0.472942 -0.677751 -1.21159 1.21466 -0.248656 -0.282853 -1.30727 -2.69112 -3.02301 -2.88616 -2.51022 -2.42188 -2.39491 -2.46178 
-0.975634 -0.99911 -1.01613 -0.99911 -1.03023 -1.01923 -1.01613 -1.01923 -1.01314 -0.438394 1.73976 0.426433 -1.00007 -1.70164 1.09896 0.134747 0.0447362 -0.272029 0.153325 0.52306 0.207406 0.436427 0.57671 0.610584 0.612422 0.623267 0.619532 
2.32597 2.28587 2.14552 2.28587 2.23037 2.10152 2.14552 2.10152 2.12984 0.178006 1.03324 0.378376 -0.355032 -0.378023 -1.83986 -0.852871 -0.0555237 -1.13101 0.0722931 1.0158 0.449622 -0.0862781 -0.611868 -1.19546 -1.60522 -1.75607 -1.80387 
-1.28476 -1.30307 -1.35045 -1.30307 -1.33058 -1.35795 -1.35045 -1.35795 -1.33827 -0.729782 0.484492 0.445201 1.80799 0.0943433 -0.909352 -0.10471 -0.422887 -0.634051 -0.743432 -0.704746 -0.452075 -0.616036 -0.648165 -0.625632 -0.531312 -0.499579 -0.484477 
-0.596262 -0.591704 -0.642215 -0.591704 -0.573128 -0.649011 -0.642215 -0.649011 -0.594836 -0.845116 -0.428321 -1.33679 0.617417 0.168133 1.71678 2.36173 2.89285 1.93291 3.52146 -2.44703 -2.05852 -1.85486 -1.72798 -1.6446 -1.64149 -1.68851 -1.68992 
1.02586 1.01232 0.927499 1.01232 1.04416 0.878906 0.927499 0.878906 0.982164 -1.15382 0.0942242 -0.856809 1.25466 2.00175 1.24265 0.45076 1.54139 1.17487 -0.141608 -1.9018 -2.05142 -2.26725 -2.57396 -2.74434 -2.48026 -2.24594 -2.15387 
-0.263119 -0.254391 -0.156712 -0.254391 -0.22862 -0.128112 -0.156712 -0.128112 -0.197365 -0.333857 0.496038 -0.580588 1.80372 1.15811 -1.52117 -0.0581987 -0.569123 -1.13101 -0.743432 0.523398 0.943511 1.13951 1.25161 1.32153 1.36384 1.38448 1.39048 
1.43753 1.34916 1.28812 1.34916 1.22001 1.21214 1.28812 1.21214 1.28791 -1.09557 -0.273 0.0169152 0.316952 1.1619 1.70983 1.62155 0.820702 0.954294 0.562777 -2.67404 -2.20214 -1.88258 -1.76996 -1.73695 -1.71158 -1.7443 -1.74365 
-0.533648 -0.544281 -0.559395 -0.544281 -0.548313 -0.565149 -0.559395 -0.565149 -0.52329 -0.327957 -0.129947 -0.317914 0.584271 0.763187 1.20043 -0.530666 -0.128824 -0.406395 0.769533 0.394426 -0.173551 -0.0410745 -0.110064 -0.231791 -0.366836 -0.464521 -0.494123 
-0.818254 -0.837942 -0.863948 -0.837942 -0.862117 -0.870053 -0.863948 -0.870053 -0.836381 -0.241818 0.421918 -0.858096 0.834146 0.835768 -1.04322 -1.2084 2.95159 -1.13101 0.184036 -0.282433 -0.113128 -0.276603 -0.314856 -0.322956 -0.322239 -0.316271 -0.30799 
-0.712331 -0.752633 -0.808191 -0.752633 -0.807184 -0.829239 -0.808191 -0.829239 -0.818887 -0.658367 0.33595 -0.00355252 0.212354 0.624315 1.13398 -0.852871 1.96304 -1.13101 0.888018 0.165302 0.425175 0.530271 0.609689 0.664468 0.733347 0.764864 0.782531 
2.36112 2.16906 2.23542 2.16906 1.86308 2.07515 2.23542 2.07515 2.27872 -0.187755 -1.73258 -1.39928 -0.994981 1.49165 2.53121 3.06834 2.01248 3.10428 -0.743432 -2.53629 -3.08152 -2.82569 -2.52342 -2.32925 -2.30465 -2.24196 -2.14008 
2.50091 2.45568 2.33449 2.45568 2.45873 2.26016 2.33449 2.26016 2.34724 -1.20556 -1.54976 1.02784 2.04334 1.75739 0.611998 0.800948 -0.457774 0.748786 0.237803 -0.962784 -1.06202 -1.23567 -1.24575 -1.20841 -1.1182 -1.07539 -1.06677 
-0.60086 -0.574968 -0.628695 -0.574968 -0.531292 -0.617983 -0.628695 -0.617983 -0.584372 -0.865754 0.121783 1.1777 -0.290187 -0.800438 0.964042 1.25402 0.730275 0.258697 1.191 -2.01034 -2.06569 -1.93162 -1.92624 -1.94585 -2.04269 -2.11049 -2.18392 
-0.334841 -0.351054 -0.348308 -0.351054 -0.36258 -0.354612 -0.348308 -0.354612 -0.313278 -0.319075 1.16631 -1.58958 1.66475 -0.0428903 -0.0767477 -0.11071 0.853601 -0.140887 -0.743432 0.195478 0.291874 0.309776 0.460272 0.558877 0.593888 0.59669 0.600408 
0.566487 0.555953 0.4975 0.555953 0.568621 0.476506 0.4975 0.476506 0.522935 -0.803301 1.45491 1.4202 -0.425535 -0.614077 -0.222924 -0.0581987 0.422243 -1.13101 -0.743432 0.556521 -0.165329 -0.402072 -0.497761 -0.591154 -0.619532 -0.634846 -0.644667 
-0.342822 -0.336542 -0.245585 -0.336542 -0.312185 -0.230295 -0.245585 -0.230295 -0.252294 0.131395 0.407978 -0.267964 -0.186686 1.07372 -0.362022 -1.6768 -0.144252 -0.418339 -0.743432 0.352858 0.66641 0.760264 0.813443 0.801765 0.779746 0.748518 0.715976 
-0.901103 -0.930574 -0.974522 -0.930574 -0.96347 -0.996832 -0.974522 -0.996832 -0.95145 -0.763575 0.271775 0.436961 0.396461 0.361756 0.0140344 0.743938 0.047191 1.16467 0.45489 -0.668206 -0.601779 -0.304374 -0.280692 -0.241026 -0.28921 -0.274777 -0.286758 
1.24411 1.22385 1.07807 1.22385 1.21651 1.056 1.07807 1.056 1.03651 -0.548902 0.158914 0.729811 -0.56681 0.804376 0.785742 -0.0388142 -0.563187 0.422355 0.0674085 0.099064 -0.0130431 -0.00933787 -0.15166 -0.336984 -0.464215 -0.547038 -0.574139 
-0.961266 -0.981026 -1.00003 -0.981026 -1.0171 -0.990528 -1.00003 -0.990528 -1.01967 0.109367 -0.291609 -0.172847 -0.151819 1.31102 -0.711492 0.141974 -0.619219 0.248841 -0.743432 0.548337 0.664801 0.710896 0.736136 0.814661 0.861502 0.880569 0.883979 
-0.660953 -0.674662 -0.678644 -0.674662 -0.691952 -0.679449 -0.678644 -0.679449 -0.656562 -0.0152502 -0.48582 1.62498 -0.112592 -1.24313 -0.697785 -0.299902 -0.502588 1.48052 -0.743432 0.552424 0.472971 0.424481 0.436521 0.455478 0.446812 0.436164 0.435586 
-0.481096 -0.472801 -0.337249 -0.472801 -0.448866 -0.316425 -0.337249 -0.316425 -0.405792 0.228264 1.08637 0.531956 -0.340021 -1.26263 -0.428994 -0.591308 -1.06481 -1.13101 -0.743432 1.48773 1.13594 1.30514 1.37972 1.44286 1.46287 1.49377 1.49658 
-0.611178 -0.604943 -0.602942 -0.604943 -0.594622 -0.585692 -0.602942 -0.585692 -0.600589 -0.70047 -0.23649 0.29714 0.307819 1.37846 0.441653 -0.374211 1.32864 -0.513361 0.546191 -0.238049 -0.156939 -0.100048 -0.00266997 0.0845969 0.154281 0.186928 0.193821 
0.182482 0.194084 0.121954 0.194084 0.233797 0.111025 0.121954 0.111025 0.131113 -0.636034 0.844254 0.506875 1.68826 -0.406126 -0.888729 -0.718117 -0.281905 0.0811957 -0.743432 -0.469152 -0.080157 -0.0425456 0.0151681 0.0371561 0.0585476 0.0856886 0.101551 
-1.13828 -1.16579 -1.20984 -1.16579 -1.19905 -1.23015 -1.20984 -1.23015 -1.191 -0.255527 1.35438 0.708913 -0.150287 -0.751372 -0.409026 -1.3631 -1.06481 1.24891 -0.743432 -0.0593372 0.0246474 0.0853755 0.0707987 0.0459599 -0.0276514 -0.0398543 -0.0748085 
0.649233 0.695238 0.601118 0.695238 0.680185 0.611684 0.601118 0.611684 0.551386 -0.162666 0.999815 -0.140331 -0.0455486 -0.245483 0.322929 -0.546453 -0.372488 -0.0590593 -0.183885 0.0325697 0.622806 0.797836 0.861729 0.885688 0.909546 0.919072 0.925215 
-0.576646 -0.572531 -0.536528 -0.572531 -0.565217 -0.506641 -0.536528 -0.506641 -0.627941 0.995357 0.19788 -0.704705 -0.109447 -1.25869 -0.669397 -0.315886 -0.648038 -0.485706 -0.40659 -0.510796 -0.58788 -0.435092 -0.214348 -0.0547262 -0.00590792 0.0118803 0.0178641 
-0.114395 -0.125629 -0.152576 -0.125629 -0.129713 -0.167263 -0.152576 -0.167263 -0.115453 -0.675196 -0.862207 1.32333 -0.125947 1.40078 -0.238923 1.21274 -1.06481 -0.217587 1.16376 -0.144158 0.0376372 -0.246345 -0.499957 -0.597887 -0.549663 -0.48348 -0.468738 
-0.806374 -0.818564 -0.854286 -0.818564 -0.826522 -0.86291 -0.854286 -0.86291 -0.820682 0.71034 0.121783 -0.369567 -0.402314 -0.503316 -0.211332 -1.06621 0.431095 -1.13101 -0.743432 1.07101 0.840796 0.660063 0.394267 0.239015 0.165657 0.163019 0.1818 
-1.03273 -1.05032 -1.11498 -1.05032 -1.10268 -1.11995 -1.11498 -1.11995 -1.0995 -0.382283 1.11312 -0.228507 -1.27864 1.29384 1.55744 0.315022 -1.06481 -1.13101 -0.743432 0.840106 0.953094 0.911436 0.845948 0.781638 0.732133 0.702416 0.698757 
-0.843755 -0.878608 -0.937619 -0.878608 -0.944045 -0.961045 -0.937619 -0.961045 -0.926156 -0.620015 -0.36306 1.92967 0.712027 -0.939828 -0.815949 0.856009 -0.0306031 0.470298 -0.743432 1.07159 0.81024 0.880916 0.852707 0.895826 0.942623 0.966841 0.964642 
-0.206517 -0.201276 -0.128627 -0.201276 -0.178172 -0.120955 -0.128627 -0.120955 -0.0668927 -0.306396 1.56153 0.87319 -0.769624 0.0397001 -0.549084 -1.33992 -1.06481 -0.492063 -0.743432 0.255659 -0.0494407 -0.234074 -0.357474 -0.350024 -0.307292 -0.259123 -0.241419 
-0.87625 -0.878942 -0.854599 -0.878942 -0.8827 -0.839664 -0.854599 -0.839664 -0.876309 1.60775 -0.448028 -1.04783 -0.508379 -1.23408 -0.687836 -0.290599 -1.06481 -0.254617 -0.743432 1.18289 1.19094 1.09815 1.04274 0.989311 0.927801 0.895007 0.889093 
0.0798586 0.171889 0.169186 0.171889 0.170369 0.33527 0.169186 0.33527 0.0935488 2.55797 -1.55935 -1.21239 -1.1872 -1.15698 -1.38671 -1.35115 -0.665899 -0.513361 -0.743432 1.21586 1.1477 0.892647 0.838216 0.916947 1.01198 1.05826 1.06624 
0.437405 0.488284 0.487957 0.488284 0.559844 0.517334 0.487957 0.517334 0.502298 1.33411 -1.16458 -0.0817873 -0.292693 -1.28181 -0.0252863 -0.91271 -1.06481 -0.406395 0.0130504 0.930816 0.53244 0.261753 0.165365 0.21754 0.254047 0.264295 0.247692 
-0.359373 -0.289395 -0.142 -0.289395 -0.233027 -0.189108 -0.142 -0.189108 -0.26183 2.4337 -1.69279 -1.55137 -0.526243 -1.182 -1.30422 -0.237096 -0.183012 -1.13101 -0.743432 0.851058 1.20662 1.4257 1.54678 1.59101 1.61324 1.62693 1.62821 
