172.422 40.7255
185.751 45.271
171.838 40.5862
136.677 31.0922
19.2447 8.60462
23.2617 11.1257
19.6144 8.85083
15.7686 7.07203
117.188 53.4063
0.325207 0.0173819
0.362629 0.0302403
0.326609 0.0188867
0.36359 0.0247897
0.499811 0.0219778
0.362959 0.0261355
0.327352 0.0277906
0.359847 0.0321835
0.325721 0.0183117
0.31742 0.0255631
0.356785 0.0257392
0.319122 0.0252748
0.354791 0.0220151
0.50988 0.0231969
0.355086 0.0318203
0.319916 0.0143462
0.358191 0.0337586
0.315781 0.0317259
29.0838 14.6466
32.7641 16.1878
29.121 14.6774
32.7641 16.1878
34.7438 17.3333
32.7004 16.1812
29.121 14.6774
32.7004 16.1812
28.9271 14.6739
0.61579 0.0912418
0.735746 0.0985749
1.25941 0.222466
1.6838 0.340314
2.02897 0.448416
2.30037 0.543053
2.4972 0.618288
2.61808 0.666283
2.65757 0.687332
