172.422 40.7255
185.751 45.271
171.838 40.5862
136.677 31.0922
15.7686 7.07203
0.325207 0.0173819
0.362629 0.0302403
0.326609 0.0188867
0.36359 0.0247897
0.499811 0.0219778
0.362959 0.0261355
0.327352 0.0277906
0.359847 0.0321835
0.325721 0.0183117
0.31742 0.0255631
0.356785 0.0257392
0.319122 0.0252748
0.354791 0.0220151
0.50988 0.0231969
0.355086 0.0318203
0.319916 0.0143462
0.358191 0.0337586
0.315781 0.0317259
29.0838 14.6466
32.7641 16.1878
29.121 14.6774
32.7641 16.1878
34.7438 17.3333
32.7004 16.1812
29.121 14.6774
32.7004 16.1812
28.9271 14.6739

