18.3133 21.3774 19.3839 23.3231 0.799863 20.356 19.2121 22.2151 19.2121 17.7509 21.3797 22.2151 21.3797 23.7448 0.027128 0.0443394 0.0431115 0.0612229 
13.4911 12.3447 12.8921 12.4262 0.803703 13.4133 12.8867 15.1383 12.8867 12.3033 14.7183 15.1383 14.7183 16.6333 0.0463119 0.0247299 0.0392157 0.0237541 
15.3373 8.81646 9.0153 8.70807 0.87026 6.61458 6.3099 7.91667 6.3099 5.99479 7.67969 7.91667 7.67969 8.95833 0.0115546 0.0279412 0.0598039 0.0207843 
16.2965 10.7714 11.0689 9.65131 0.901777 9.75417 9.65833 11.7688 9.65833 9.55417 11.7479 11.7688 11.7479 13.2667 0.0845269 0.0265359 0.0186275 0.139869 
16.4865 18.6182 17.9844 19.9284 0.829276 20.2527 19.4461 22.1988 19.4461 18.5888 21.5607 22.1988 21.5607 23.625 0.0473356 0.0526483 0.0601988 0.0760349 
10.2087 10.0404 9.37402 8.98337 0.691545 3.92504 3.74383 4.4612 3.74383 3.50441 4.37632 4.4612 4.37632 4.80423 0.0240353 0.0275668 0.0278459 0.0370876 
17.0886 18.4709 15.5551 14.088 0.831798 6.24468 6.1767 8.58195 6.1767 6.08781 8.47304 8.58195 8.47304 8.35665 0.0328359 0.0269368 0.0498171 0.0291222 
7.61464 10.1445 8.2073 7.5242 0.840032 13.2435 13.1201 15.612 13.1201 12.9968 15.5341 15.612 15.5341 17.4156 0.0128936 0.0282732 0.0359626 0.00775401 
5.44639 8.54018 7.10556 6.55531 0.772686 10.3778 10.2342 12.1391 10.2342 10.086 12.0407 12.1391 12.0407 13.5204 0.0104747 0.00696078 0.037549 0.00836601 
20.2911 15.8381 9.84583 16.8278 0.827961 48.1933 43.5486 50.4728 43.5486 36.3623 46.6013 50.4728 46.6013 52.4838 0.0423556 0.0475058 0.0847316 0.076567 
17.4657 19.0413 16.6786 20.9621 0.745679 43.7071 39.9095 46.4429 39.9095 35.531 42.9619 46.4429 42.9619 48.9929 0.0220191 0.027535 0.0369792 0.0569853 
15.2138 16.3014 14.8565 15.2087 0.678033 7.29481 7.02259 8.56889 7.02259 6.74 8.34778 8.56889 8.34778 9.6963 0.0537433 0.0363509 0.0337338 0.0509528 
15.468 14.979 15.3582 15.693 0.789573 16.1975 15.3777 18.0679 15.3777 14.4674 17.4022 18.0679 17.4022 19.6993 0.0295243 0.0301961 0.0490196 0.0468873 
8.7145 9.12334 8.11935 7.25976 0.838922 8.87993 8.51891 10.2056 8.51891 8.12171 9.9926 10.2056 9.9926 11.2813 0.0155637 0.0110919 0.033692 0.0196078 
14.7951 15.9928 13.2267 18.6338 0.774736 41.625 37.8414 44.0787 37.8414 33.2708 40.6192 44.0787 40.6192 46.375 0.0625746 0.0580174 0.0652477 0.0863519 
12.2878 12.2939 11.6823 10.4083 0.833515 6.82353 6.60735 7.62059 6.60735 6.28824 7.51618 7.62059 7.51618 8.29412 0.0353304 0.0347174 0.0536969 0.0148284 
14.0092 13.0873 11.6759 11.0925 0.750946 6.26049 5.8784 6.96852 5.8784 5.42222 6.68272 6.96852 6.68272 7.55062 0.0264497 0.0142789 0.00503565 0.016533 
17.2972 17.4323 17.2982 15.2775 0.82081 7.27644 7.35469 10.0987 7.35469 7.38148 9.93741 10.0987 9.93741 9.81232 0.0299806 0.020188 0.0345488 0.0422442 
14.5569 13.0148 11.8287 11.0116 0.857926 8.01299 7.69481 8.78896 7.69481 7.36364 8.51623 8.78896 8.51623 9.53247 0.0185185 0.0174985 0.0157796 0.0196545 
12.5841 9.97369 9.58524 8.84197 0.78913 9.1244 8.64593 10.0514 8.64593 8.15311 9.63517 10.0514 9.63517 10.9306 0.0295161 0.0312971 0.0144118 0.0391912 
10.3432 9.98294 8.04846 7.13187 0.871365 13.8671 13.7902 16.8077 13.7902 13.7133 16.7797 16.8077 16.7797 18.9021 0.0377282 0.0252801 0.0195145 0.0179739 
12.3456 13.1983 10.4323 9.77415 0.80829 12.3507 12.2529 14.8569 12.2529 12.1406 14.8786 14.8569 14.8786 16.5848 0.0184641 0.0237319 0.0223246 0.0366525 
17.2403 15.523 13.8576 13.0988 0.786532 8.60941 8.31647 9.67294 8.31647 7.96 9.52471 9.67294 9.52471 10.5176 0.0271135 0.0210025 0.0468008 0.0341933 
9.05463 8.63415 6.73158 6.04809 0.868247 13.1071 12.8077 15.5852 12.8077 12.4863 15.3791 15.5852 15.3791 17.4038 0.0279857 0.0359133 0.0217023 0.0360071 
13.6388 13.0105 11.3812 10.7982 0.790698 4.45732 4.30874 5.18273 4.30874 4.14091 5.12419 5.18273 5.12419 5.53942 0.0222773 0.0236911 0.024407 0.0300323 
17.1162 11.673 10.0815 12.0789 0.847373 22.6768 22.9511 26.8757 22.9511 23.1173 26.7646 26.8757 26.7646 28.6973 0.011634 0.0157363 0.0319172 0.0500953 
15.3766 13.2835 11.5231 9.82756 0.785637 8.11438 7.8219 9.44281 7.8219 7.35294 9.38235 9.44281 9.38235 10.4052 0.0672969 0.0660273 0.0478922 0.0148529 
11.6545 11.2048 9.2491 8.6449 0.840298 19.0282 18.9333 22.791 18.9333 18.8385 22.7167 22.791 22.7167 25.6872 0.0187745 0.0456259 0.0281556 0.0153799 
18.1751 18.2773 14.9043 14.1534 0.784714 12.1911 11.883 14.7859 11.883 11.5573 14.6279 14.7859 14.6279 16.2344 0.0169836 0.0341757 0.055302 0.0305255 
20.028 7.37761 4.83693 7.78413 0.857035 12.0793 11.9928 15.9372 11.9928 11.7213 16.1895 15.9372 16.1895 15.4867 0.027566 0.0247169 0.0389597 0.0479711 
16.2456 11.1762 9.90257 11.181 0.840909 31.6758 31.8482 36.476 31.8482 32.0041 36.5412 36.476 36.5412 39.7514 0.0282935 0.0398918 0.0294706 0.0544706 
16.8882 15.7661 13.9113 13.0228 0.748547 7.52009 7.37589 9.05201 7.37589 7.21671 8.96809 9.05201 8.96809 9.92829 0.0223404 0.027507 0.0298758 0.0327496 
11.8103 13.5624 11.4874 11.2854 0.895631 7.80314 7.64512 10.0092 7.64512 7.45087 10.108 10.0092 10.108 10.1443 0.0304299 0.0197854 0.0348302 0.0233543 
10.3823 7.88964 5.4524 7.40911 0.773103 33.6917 33.8869 38.5375 33.8869 34.0583 38.5815 38.5375 38.5815 41.9071 0.0448962 0.0209406 0.0308566 0.0328001 
12.822 12.8175 13.9913 13.8835 0.798213 14.2674 14.2119 17.2842 14.2119 14.1508 17.2956 17.2842 17.2956 18.2815 0.0409905 0.0477758 0.0369728 0.0310442 
12.5797 13.0839 11.4838 10.8602 0.782274 7.22135 7.0094 8.55845 7.0094 6.77431 8.45964 8.55845 8.45964 9.37008 0.0312899 0.0333704 0.0255643 0.0312699 
9.19498 9.85472 7.70062 7.4458 0.789451 16.5526 16.3141 19.3092 16.3141 16.0757 19.0839 19.3092 19.0839 21.875 0.0310281 0.0688537 0.0462745 0.0591317 
15.3282 13.8928 11.0283 14.3304 0.794985 17.7158 17.5397 20.0883 17.5397 17.1087 20.2153 20.0883 20.2153 21.306 0.0337402 0.0317617 0.0440908 0.0422598 
15.4037 7.09178 3.06743 7.74571 0.814848 31.884 30.491 36.3049 30.491 28.7772 35.4231 36.3049 35.4231 39.3235 0.0416111 0.0237195 0.0355311 0.0567981 
18.5493 10.5699 6.42921 10.3982 0.835215 23.7668 23.5254 28.4601 23.5254 23.2218 28.31 28.4601 28.31 30.6688 0.0457886 0.025886 0.0404147 0.014017 
6.04293 8.39382 7.72301 7.63353 0.799634 6.54361 6.30795 7.24014 6.30795 6.04241 7.06601 7.24014 7.06601 7.83513 0.0250516 0.0243569 0.0253172 0.0163495 
8.58868 10.6665 11.0432 10.5133 0.866207 18.1654 17.7475 21.6857 17.7475 17.3027 21.5178 21.6857 21.5178 23.4583 0.0295626 0.0314224 0.0256427 0.0367538 
16.3844 13.6741 15.5721 12.4813 0.915203 21.7384 22.2655 26.8173 22.2655 22.7647 27.2314 26.8173 27.2314 29.2121 0.0980188 0.0159083 0.0409235 0.0280835 
17.8646 6.09352 2.44642 6.512 0.867632 25.8775 24.8552 29.5437 24.8552 22.3517 30.066 29.5437 30.066 31.3284 0.0402604 0.0207195 0.0398075 0.059327 
7.47349 7.13518 7.63253 8.52382 0.898497 36.6524 36.3869 39.7119 36.3869 36.0929 39.5464 39.7119 39.5464 42.3762 0.0429825 0.0535796 0.0330882 0.0773109 
9.52693 9.71517 11.6008 10.3349 0.817135 34.5714 33.9861 40.0139 33.9861 33.369 39.5516 40.0139 39.5516 44.631 0.0180036 0.0272978 0.0676471 0.0392157 
21.8951 12.78 9.06874 12.8953 0.785256 36.2781 35.7917 42.5145 35.7917 35.0982 42.3684 42.5145 42.3684 46.4105 0.00950312 0.0411649 0.0410862 0.0286765 
17.0878 13.76 15.4287 13.4094 0.889652 26.7395 27.6151 32.6618 27.6151 28.4224 33.1822 32.6618 33.1822 36.0974 0.0604048 0.0530655 0.0852228 0.0349376 
18.9237 16.8519 15.066 17.4704 0.766995 27.9035 27.8536 32.2449 27.8536 27.7833 32.125 32.2449 32.125 35.305 0.0483479 0.0364201 0.0494785 0.0272424 
18.3828 18.5017 16.1583 13.8885 0.901035 14.982 14.8566 18.4183 14.8566 14.7091 18.4979 18.4183 18.4979 20.4474 0.0229867 0.0189049 0.0331699 0.0335901 
17.1893 20.0374 16.8824 16.1336 0.827023 8.09118 7.81597 9.37374 7.81597 7.49286 9.22542 9.37374 9.22542 10.1815 0.0193101 0.0244732 0.0520931 0.031925 
13.7972 13.8464 16.1939 15.2751 0.754581 25.0592 24.9976 29.2283 24.9976 24.9336 29.1944 29.2283 29.1944 32.8176 0.0329968 0.0357488 0.0438399 0.00792484 
12.842 12.6214 10.7827 9.28859 0.783134 11.0991 10.6902 12.9682 10.6902 10.1627 12.8103 12.9682 12.8103 14.3545 0.0153595 0.0248105 0.0270464 0.0229069 
9.37822 11.6687 11.3043 11.073 0.860228 18.2143 17.9743 22.0366 17.9743 17.7005 22.0184 22.0366 22.0184 23.9059 0.025372 0.0276889 0.0180128 0.0235605 
9.92914 11.8396 9.54009 8.77547 0.830117 12.4617 12.0308 14.8242 12.0308 11.5533 14.55 14.8242 14.55 16.4133 0.0188824 0.0304322 0.0426813 0.0395805 
7.93986 6.60637 6.6857 6.53122 0.794838 5.7139 5.43449 6.35963 5.43449 5.1123 6.14973 6.35963 6.14973 6.89572 0.0185822 0.0128874 0.018645 0.0290616 
11.127 12.3153 11.2039 11.032 0.781451 10.1029 9.51594 11.392 9.51594 8.87101 10.9268 11.392 10.9268 12.4696 0.030719 0.0283642 0.0313083 0.0567663 
7.91953 9.31638 8.72591 8.57364 0.8297 6.25651 5.81836 6.95703 5.81836 5.28646 6.66732 6.95703 6.66732 7.48047 0.0233875 0.0363623 0.0323354 0.0235469 
12.8144 11.2959 10.4493 9.40548 0.800181 8.30702 7.92719 9.39825 7.92719 7.5193 9.10263 9.39825 9.10263 10.3456 0.0308261 0.0339325 0.0591299 0.0223856 
14.1445 14.7797 12.0363 11.1937 0.794944 16.5897 16.3697 19.6656 16.3697 16.1453 19.5011 19.6656 19.5011 22.2073 0.0200792 0.0324183 0.0448646 0.0221289 
19.1441 18.2092 18.2772 18.166 0.82533 23.9636 24.0903 28.5749 24.0903 24.2199 28.6513 28.5749 28.6513 31.6541 0.0217182 0.0322366 0.0173203 0.05198 
8.10051 9.2323 8.88805 8.72073 0.781047 6.6271 6.28361 7.66597 6.28361 5.8834 7.42122 7.66597 7.42122 8.34979 0.011036 0.0328312 0.00903469 0.0201056 
10.4179 12.3807 11.0598 10.1844 0.910362 6.98235 6.76176 8.32647 6.76176 6.5098 8.27255 8.32647 8.27255 9.07059 0.0128893 0.00933953 0.0129515 0.0155831 
7.39736 8.85575 8.03604 7.24019 0.797974 7.96531 7.67075 9.17007 7.67075 7.2551 9.10408 9.17007 9.10408 9.8551 0.0159242 0.012826 0.0159077 0.0222011 
31.2309 29.7933 26.1846 27.8174 0.862841 15.6521 15.9222 18.6417 15.9222 16.1694 18.7379 18.6417 18.7379 20.0046 0.0284731 0.0538988 0.0472549 0.0704412 
8.79329 11.6009 10.8235 10.3818 0.752944 4.79474 4.58533 5.59634 4.58533 4.30617 5.55589 5.59634 5.55589 6.03602 0.0184415 0.0194937 0.0182849 0.0242086 
11.6369 9.10428 9.10371 8.44161 0.744363 9.59203 9.62431 11.0089 9.62431 9.65659 11.0481 11.0089 11.0481 12.1703 0.022079 0.0231581 0.0346732 0.0257843 
20.5046 11.1037 11.6722 11.1521 0.82345 7.2686 7.3781 8.16322 7.3781 7.4876 8.27066 8.16322 8.27066 9.01653 0.0679633 0.0646659 0.0515033 0.0412854 
9.89717 13.532 12.8723 11.8745 0.808314 7.18846 7.25481 8.43846 7.25481 7.32885 8.52019 8.43846 8.52019 9.22308 0.0181595 0.0367424 0.03 0.0406723 
9.31349 10.3103 9.78159 9.24005 0.796213 11.3792 11.465 13.3394 11.465 11.5556 13.413 13.3394 13.413 15.0193 0.0172367 0.0450692 0.019766 0.0442441 
8.03143 10.3978 11.6099 11.3758 0.80284 26.23 26.49 29.0083 26.49 26.7433 29.275 29.0083 29.275 31.46 0.018652 0.0421252 0.0662745 0.150902 
6.82386 9.07354 8.64122 8.42387 0.828402 13.5339 13.4683 15.6007 13.4683 13.3937 15.5532 15.6007 15.5532 17.3054 0.0345143 0.0655517 0.0992647 0.0909041 
11.0023 17.4131 16.1188 19.0636 0.737061 22.0216 21.3515 24.3407 21.3515 20.5225 23.9373 24.3407 23.9373 26.1578 0.0370676 0.050966 0.0815837 0.0553544 
8.63442 7.64845 7.22312 6.47382 0.851544 8.6875 8.65179 10.1317 8.65179 8.60714 10.1004 10.1317 10.1004 11.433 0.0245692 0.00733163 0.0472767 0.0142157 
13.0901 17.8286 15.4313 19.7002 0.798485 33.0087 31.2465 35.0769 31.2465 29.2255 33.5437 35.0769 33.5437 36.9108 0.0452275 0.0443044 0.0555807 0.0627954 
11.1946 13.309 13.5076 12.2213 0.748179 15.7942 15.6692 17.591 15.6692 15.5544 17.4813 17.591 17.4813 19.0136 0.0320728 0.0258031 0.0297386 0.0404295 
10.5682 10.8625 9.58048 8.83939 0.82565 8.23499 7.9617 9.47878 7.9617 7.62629 9.32971 9.47878 9.32971 10.4389 0.0135834 0.0245628 0.0313227 0.0227318 
12.9411 12.0736 12.9333 12.3714 0.76465 11.2875 10.6328 12.3734 10.6328 9.94687 11.8406 12.3734 11.8406 13.2719 0.049271 0.0310265 0.0455713 0.05 
14.9805 14.7233 13.4178 13.4737 0.643667 6.91935 6.88922 8.3281 6.88922 6.86078 8.29542 8.3281 8.29542 9.62139 0.0303799 0.0408003 0.0263911 0.029372 
8.06709 9.2413 7.64984 6.78335 0.856432 11.55 11.2567 14.02 11.2567 10.9567 13.84 14.02 13.84 15.4633 0.0114216 0.0321078 0.0466503 0.0132353 
16.1066 17.6562 17.2544 17.2623 0.668045 19.3943 18.7783 21.5431 18.7783 18.1567 20.979 21.5431 20.979 23.4776 0.0368962 0.0591308 0.0728724 0.0628512 
12.465 13.4782 14.1658 14.3646 0.890368 8.59022 8.43662 10.8363 8.43662 8.24631 10.9403 10.8363 10.9403 11.2117 0.0203874 0.0287211 0.0457714 0.0319974 
11.903 10.7532 11.1344 11.1639 0.832461 5.88542 5.94676 7.01563 5.94676 6.01042 7.10706 7.01563 7.10706 7.69676 0.0122549 0.0334607 0.0292654 0.026017 
11.291 10.5736 9.15531 8.93459 0.791672 9.34242 8.93838 10.2596 8.93838 8.4697 9.91818 10.2596 9.91818 11.0859 0.0150885 0.0196078 0.0218954 0.0214869 
19.5116 11.4798 10.2757 13.1419 0.843139 49.0468 46.8626 52.8611 46.8626 44.5673 50.8553 52.8611 50.8553 56.3947 0.0243538 0.0345459 0.0455437 0.048574 
18.4645 18.4696 14.3362 19.5465 0.887511 36.537 33.6472 38.8602 33.6472 29.0907 36.7426 38.8602 36.7426 40.7574 0.0727797 0.081391 0.142304 0.0449265 
16.3174 13.9859 14.8371 14.8895 0.849266 22.3571 22.588 25.7168 22.588 22.8393 25.9401 25.7168 25.9401 28.5918 0.03125 0.049947 0.0379085 0.0410279 
14.2908 17.272 16.6039 16.9232 0.82715 14.0711 13.4167 16.3395 13.4167 12.7377 15.7904 16.3395 15.7904 18.2745 0.0510971 0.0320833 0.122463 0.0372261 
11.5141 12.6647 10.6386 9.85027 0.755289 9.39198 9.06224 10.8565 9.06224 8.7037 10.6399 10.8565 10.6399 11.9671 0.032915 0.0578813 0.0591162 0.0341089 
19.2657 16.2067 16.3105 16.3131 0.769816 29.6382 27.7862 32.1831 27.7862 25.8333 30.4671 32.1831 30.4671 34.5746 0.0437611 0.0473856 0.0490196 0.0587641 
9.75713 9.89292 9.13012 8.31527 0.822173 5.19435 4.99945 6.01301 4.99945 4.7381 5.95764 6.01301 5.95764 6.56312 0.0244981 0.0179422 0.0290059 0.0235731 
18.6918 10.4906 9.09147 11.4159 0.855438 40.47 38.6916 43.2216 38.6916 36.7045 41.7118 43.2216 41.7118 45.6405 0.0511868 0.0638309 0.105087 0.096955 
18.4645 14.3228 15.0133 13.6016 0.654047 8.05937 7.96759 9.42947 7.96759 7.86492 9.34205 9.42947 9.34205 10.6514 0.042539 0.0412779 0.0676037 0.0513968 
11.0432 12.6211 11.2356 10.2099 0.798505 7.55474 7.29105 8.71368 7.29105 6.94842 8.62105 8.71368 8.62105 9.37895 0.0109463 0.0131765 0.0264022 0.0244984 
7.26441 7.74883 7.52004 7.59365 0.84072 5.84231 5.50192 6.39327 5.50192 5.04231 6.23173 6.39327 6.23173 6.69038 0.00976349 0.00728695 0.0139372 0.0175134 
11.011 10.7731 10.4062 10.3361 0.751335 31.8 30.8667 34.6736 30.8667 29.8722 33.8819 34.6736 33.8819 37.275 0.0408304 0.100646 0.134622 0.0869188 
9.36404 10.4323 10.2198 10.8234 0.829237 15.75 15.6056 17.9667 15.6056 15.4833 17.7889 17.9667 17.7889 19.6389 0.0187642 0.0623911 0.0963326 0.0690995 
26.9803 20.6531 12.2197 17.2971 0.821762 40.0482 35.8618 41.0395 35.8618 28.0877 37.261 41.0395 37.261 41.9956 0.0767157 0.0655971 0.0498039 0.089902 
13.9985 11.8651 12.3498 11.0388 0.749321 10.3462 10.0058 12.0221 10.0058 9.66154 11.751 12.0221 11.751 13.4673 0.0406403 0.0381907 0.0881149 0.0375301 
16.5957 5.83715 5.01753 8.55064 0.857427 46.6042 43.2262 48.7232 43.2262 39.3185 45.6607 48.7232 45.6607 50.6101 0.0325163 0.058701 0.102585 0.0569519 
17.1075 14.8229 13.3846 16.9171 0.794558 34.4267 32.6455 36.9939 32.6455 30.5697 35.5438 36.9939 35.5438 39.143 0.0413098 0.0964357 0.136619 0.0589384 
12.2615 14.848 15.2912 15.4492 0.834715 17.269 17.2429 19.2345 17.2429 17.1976 19.2417 19.2345 19.2417 20.9619 0.0627807 0.0998986 0.111342 0.0871203 
15.1025 18.4994 17.6632 19.4213 0.821545 36.2854 34.7771 39.376 34.7771 33.1521 38.0656 39.376 38.0656 42.2333 0.0383601 0.0756787 0.124966 0.0611491 
16.2795 11.6965 14.3502 14.8221 0.802528 18.6481 17.3741 20.0222 17.3741 15.9815 18.8926 20.0222 18.8926 21.2778 0.0532308 0.0477012 0.0591645 0.12046 
12.5086 15.4154 15.2114 16.9903 0.781866 36.2639 34.1796 38.6062 34.1796 31.7421 36.8056 38.6062 36.8056 40.631 0.0385458 0.0527682 0.0977824 0.0282913 
10.5024 11.6276 9.26198 8.69051 0.780042 10.8846 10.5423 12.8019 10.5423 10.1673 12.5712 12.8019 12.5712 14.0308 0.0132566 0.0151431 0.0169001 0.0462807 
19.4984 19.3554 14.974 20.1877 0.854545 34.6154 31.8814 37.3241 31.8814 27.8285 35.28 37.3241 35.28 39.6627 0.0705796 0.0557522 0.0811876 0.113078 
17.1608 11.3758 9.77768 11.1473 0.865462 44.1563 42.224 47.4193 42.224 40.0417 45.7943 47.4193 45.7943 50.3281 0.073913 0.0373065 0.040107 0.0182709 
12.7808 8.25829 10.6562 9.43364 0.746982 8.25564 8.08647 9.56579 8.08647 7.91729 9.40977 9.56579 9.40977 10.7707 0.0297596 0.033841 0.0387928 0.0278931 
7.19405 8.12673 6.27185 5.95257 0.828797 17.4904 17.266 20.9423 17.266 17.0417 20.7564 20.9423 20.7564 23.8429 0.0115629 0.011575 0.0285403 0.0385258 
14.3015 12.8729 13.6606 12.7725 0.79625 21.0176 20.1034 23.8678 20.1034 19.1474 23.0801 23.8678 23.0801 26.3974 0.071393 0.0637089 0.109287 0.0698217 
13.8559 9.8739 8.90004 8.55859 0.870696 9.33077 9.06538 10.575 9.06538 8.77692 10.4365 10.575 10.4365 11.5269 0.0131808 0.0178602 0.0147759 0.0370448 
10.9718 9.05639 9.97925 8.67919 0.846187 11.3986 11.7395 13.3951 11.7395 12.0734 13.6836 13.3951 13.6836 15.007 0.0414295 0.0407728 0.0445098 0.0244706 
7.1674 8.62888 8.03204 8.69795 0.876662 17.5114 17.7841 20.4403 17.7841 18.0682 20.6506 20.4403 20.6506 22.8466 0.014902 0.0401961 0.0495544 0.0285205 
24.4773 24.5702 20.2001 23.1768 0.880211 28.8259 26.5893 32.3873 26.5893 23.7188 30.8783 32.3873 30.8783 35.1094 0.0503735 0.0655906 0.124935 0.0519608 
11.2606 13.5092 11.3691 10.8278 0.823263 8.88134 8.69772 11.0157 8.69772 8.49342 11.0074 11.0157 11.0074 11.7761 0.0295435 0.0186123 0.0354594 0.0265587 
12.0309 11.9685 9.84098 9.28567 0.731239 9.44275 9.07804 10.9215 9.07804 8.61583 10.7379 10.9215 10.7379 11.9852 0.0161952 0.0190154 0.0239837 0.0265503 
20.5052 18.0868 18.7657 17.0629 0.731047 16.7829 16.3405 19.0428 16.3405 15.898 18.6365 19.0428 18.6365 20.9934 0.0449904 0.0497146 0.0679253 0.0779942 
14.8283 17.6142 16.8171 17.3627 0.784619 14.2569 14.1483 16.1543 14.1483 14.0328 16.098 16.1543 16.098 17.6885 0.033366 0.0702363 0.065713 0.0349822 
11.0164 11.8322 12.4473 12.011 0.687127 17.9886 18.1205 20.7807 18.1205 18.2568 20.9102 20.7807 20.9102 23.3955 0.0376649 0.0449661 0.0446187 0.0428976 
21.2931 15.8909 16.9991 19.0466 0.751381 29.0038 26.9862 31.2884 26.9862 24.5853 29.5941 31.2884 29.5941 33.2043 0.0465975 0.105066 0.112952 0.0952269 
9.25099 9.61437 8.19156 7.07098 0.827805 10.3597 10.0722 12.1417 10.0722 9.73194 12.0014 12.1417 12.0014 13.4847 0.0224777 0.0148109 0.0251356 0.0155403 
9.80268 8.88649 9.45676 8.30237 0.731235 8.03958 7.29167 9.06979 7.29167 6.48958 8.38854 9.06979 8.38854 10.0333 0.0279189 0.0349065 0.0288184 0.0205882 
10.9027 10.3637 9.5864 9.22823 0.85828 9.19444 8.60784 10.1209 8.60784 7.91993 9.66013 10.1209 9.66013 10.9003 0.0153799 0.010167 0.0142484 0.0400218 
8.55769 8.02355 7.79684 7.2971 0.776931 6.40859 6.16692 7.19798 6.16692 5.85253 7.06843 7.19798 7.06843 7.86313 0.0345877 0.018258 0.0369693 0.0234368 
22.8324 11.13 10.6433 11.6426 0.870718 41.0336 38.6499 44.1075 38.6499 35.9415 42.1316 44.1075 42.1316 46.6228 0.0365736 0.0305126 0.0668301 0.072549 
17.9062 6.47162 3.29002 7.00195 0.758828 66.3846 58.3908 70.5154 58.3908 48.2677 63.1585 70.5154 63.1585 74.4092 0.0457036 0.0419192 0.0311354 0.0311037 
10.4079 11.5172 10.5586 9.87738 0.922619 11.0514 10.9179 14.4737 10.9179 10.7694 14.5332 14.4737 14.5332 15.2995 0.0252211 0.0310534 0.0352215 0.0306826 
14.8744 14.0518 15.814 16.292 0.803069 31.2331 29.1134 34.2281 29.1134 26.7732 32.3728 34.2281 32.3728 36.8496 0.0489534 0.0610065 0.0687572 0.0550173 
18.0062 15.9996 13.4177 17.0933 0.768397 46.0062 43.301 48.5125 43.301 40.2792 45.9948 48.5125 45.9948 50.8729 0.0688014 0.0626874 0.044488 0.0501743 
27.1528 28.4232 23.6691 28.3748 0.827527 34.2087 30.1519 38.9545 30.1519 25.8058 35.3523 38.9545 35.3523 43.0517 0.11159 0.0770588 0.195481 0.0482066 
18.8025 8.69807 6.0637 8.54505 0.895892 38.3518 37.4875 42.3089 37.4875 36.4765 41.7078 42.3089 41.7078 45.4044 0.0404337 0.0355477 0.0527669 0.0416122 
14.2701 12.3317 12.9823 12.0176 0.886979 8.19444 8.08252 9.40033 8.08252 7.94444 9.375 9.40033 9.375 10.1748 0.0255457 0.0434225 0.0609995 0.0498326 
10.7486 11.1876 10.5267 10.5252 0.843671 6.13487 5.67434 6.88816 5.67434 5.13158 6.61513 6.88816 6.61513 7.40461 0.0124902 0.0171003 0.0166906 0.026088 
15.6503 16.4101 17.298 18.2744 0.864526 12.3409 11.3432 13.6773 11.3432 10.2818 12.8432 13.6773 12.8432 14.8591 0.0366756 0.0388747 0.06609 0.103691 
24.0383 20.1748 18.9421 21.7881 0.852238 49.6212 46.5922 52.3548 46.5922 43.3409 49.5884 52.3548 49.5884 54.7803 0.0353832 0.0435705 0.0969499 0.118682 
4.71142 7.71077 7.11196 6.774 0.883881 6.6807 6.42368 7.6614 6.42368 6.05789 7.61842 7.6614 7.61842 8.31579 0.029617 0.01346 0.0130356 0.0330065 
12.1633 13.0582 11.1821 10.1305 0.830483 4.94663 4.76928 5.87744 4.76928 4.49168 5.93121 5.87744 5.93121 6.08787 0.0221607 0.0129412 0.0273825 0.0289532 
17.9575 14.3895 14.6692 16.4023 0.807542 42.5423 39.6 46.4385 39.6 36.4885 43.7385 46.4385 43.7385 49.9731 0.0352661 0.0580882 0.110259 0.089951 
12.6322 13.4517 12.2066 12.5787 0.798089 14.7658 14.6579 16.7618 14.6579 14.5447 16.6724 16.7618 16.6724 18.5105 0.017474 0.0843616 0.0605248 0.0587082 
8.19882 7.56244 7.25022 6.96342 0.779007 9.8913 9.95743 11.4149 9.95743 10.0308 11.4864 11.4149 11.4864 12.6957 0.0459865 0.0296296 0.0714706 0.0384902 
11.1902 11.0493 9.69542 8.93901 0.804042 5.98833 5.77503 6.90372 5.77503 5.46591 6.83845 6.90372 6.83845 7.50645 0.0195046 0.0154053 0.0281832 0.0157589 
11.5009 11.3333 11.0867 11.641 0.759157 20.5625 19.7826 22.6708 19.7826 18.9778 22.0104 22.6708 22.0104 24.3319 0.0328076 0.0850827 0.0857943 0.0868748 
25.1829 21.0286 20.8438 23.0954 0.771909 25.9328 24.5196 28.648 24.5196 22.9906 27.4328 28.648 27.4328 31.0468 0.0465391 0.0798625 0.0974587 0.0944143 
20.047 15.0176 15.4174 14.6671 0.824267 13.6902 13.7867 15.8664 13.7867 13.8813 15.981 15.8664 15.981 17.5353 0.0402488 0.0364412 0.0420612 0.0716404 
12.7477 11.7046 10.8178 10.5912 0.871059 7.236 6.869 8.174 6.869 6.458 7.917 8.174 7.917 8.868 0.0285379 0.0198076 0.012448 0.0171123 
16.3219 22.2605 21.2152 20.383 0.792399 11.8411 11.4894 13.913 11.4894 11.1073 13.6675 13.913 13.6675 15.6204 0.0365724 0.0520527 0.0708925 0.0828431 
6.38877 6.89784 6.76092 6.10747 0.868957 6.14171 5.81818 6.60428 5.81818 5.22193 6.48663 6.60428 6.48663 6.95455 0.0235888 0.0288308 0.0193137 0.0379412 
11.6579 8.12126 8.99885 7.97303 0.837983 8.17882 8.36806 9.93229 8.36806 8.55729 10.1059 9.93229 10.1059 11.2587 0.0252801 0.0586505 0.106936 0.0399755 
12.7131 13.5225 10.5461 9.88476 0.860762 7.25682 7.15016 9.60503 7.15016 7.02662 9.67565 9.60503 9.67565 9.69545 0.0272135 0.0126181 0.0243773 0.0237326 
14.0022 18.2081 17.657 17.7616 0.749741 16.101 16.2067 17.8738 16.2067 16.3173 17.9796 17.8738 17.9796 19.5216 0.0308578 0.106038 0.0524377 0.0240594 
8.45684 10.0613 8.0145 7.44011 0.892078 10.1984 9.94444 12.7331 9.94444 9.67857 12.6577 12.7331 12.6577 13.6607 0.0145588 0.0203976 0.0239379 0.0247549 
11.9462 8.92426 8.62288 8.21089 0.902551 11.3713 11.5165 13.625 11.5165 11.6618 13.7335 13.625 13.7335 15.1654 0.0344853 0.0726006 0.102364 0.0570358 
14.7898 12.8968 14.6426 12.9931 0.871001 12.1157 12.2755 14.0648 12.2755 12.4444 14.2662 14.0648 14.2662 15.5324 0.0225127 0.0412797 0.081781 0.0580065 
21.1757 21.6687 22.714 23.4031 0.783664 22.7479 21.6363 25.2188 21.6363 20.3949 24.3001 25.2188 24.3001 27.3317 0.0350578 0.0503348 0.0474967 0.0576432 
26.8386 13.1975 11.5459 12.9811 0.840427 23.7727 22.5985 25.4129 22.5985 20.8333 24.7538 25.4129 24.7538 26.6591 0.0651416 0.0308824 0.0607843 0.0382353 
15.1141 9.93635 10.1734 10.848 0.831257 40.0425 38.1356 43.3775 38.1356 36.0131 41.7876 43.3775 41.7876 46.2092 0.022296 0.0434641 0.0438293 0.0374279 
17.4225 16.3702 14.8305 18.4067 0.83605 38.8426 37.3583 41.9204 37.3583 35.7444 40.6361 41.9204 40.6361 44.6315 0.0448488 0.0567703 0.0762411 0.0612224 
8.26851 9.14186 8.05486 7.273 0.797891 9.34818 8.91636 10.585 8.91636 8.42636 10.3132 10.585 10.3132 11.5582 0.0233309 0.0282946 0.0575817 0.0197778 
9.52539 9.18706 8.30896 7.71104 0.801238 8.48316 7.88047 9.10269 7.88047 7.21717 8.55892 9.10269 8.55892 9.68182 0.0352597 0.0227147 0.0226259 0.0298539 
19.4935 18.6218 19.709 21.414 0.810551 36.3393 34.5054 39.0875 34.5054 32.5857 37.425 39.0875 37.425 41.6 0.0296359 0.12239 0.0820149 0.14645 
22.3072 22.0781 19.3067 17.7236 0.814079 7.22633 7.1547 8.77578 7.1547 7.01661 8.87265 8.77578 8.87265 9.34969 0.0392436 0.0407371 0.0481984 0.0261312 
16.5371 17.6509 17.2776 16.5241 0.80553 18.5056 18.4708 22.0667 18.4708 18.4361 22.0403 22.0667 22.0403 24.1417 0.0200588 0.0122466 0.0223389 0.0220121 
8.35227 8.20061 7.66355 7.37791 0.778966 8.39643 7.70714 9.14643 7.70714 6.96786 8.51786 9.14643 8.51786 9.83929 0.0160494 0.0117053 0.0174962 0.0108597 
8.6878 8.81451 7.61779 7.06161 0.786644 11.8542 11.244 13.3259 11.244 10.622 12.7813 13.3259 12.7813 14.6607 0.0168175 0.0257353 0.0437909 0.0380447 
22.9696 10.422 7.80113 11.9631 0.817616 14.1713 14.03 16.0046 14.03 13.2791 15.9086 16.0046 15.9086 16.6585 0.0416129 0.0250062 0.0422113 0.0508683 
16.4307 15.6553 16.9571 16.2292 0.868042 20.9785 21.065 24.7462 21.065 21.1515 24.7948 24.7462 24.7948 26.8902 0.0183333 0.0146078 0.0208946 0.0448121 
11.9744 12.7063 9.90915 9.70395 0.891975 20.3889 19.9167 23.974 19.9167 19.4236 23.599 23.974 23.599 26.8854 0.0202012 0.0451575 0.0598039 0.0492375 
15.6829 16.7009 14.0679 13.6992 0.802748 18.8472 18.4861 22.4854 18.4861 18.1222 22.1854 22.4854 22.1854 25.2986 0.0180882 0.00879139 0.0346289 0.0137955 
10.5532 10.6147 9.38686 8.83075 0.763722 9.45376 9.07742 10.6774 9.07742 8.66022 10.3613 10.6774 10.3613 11.7527 0.0213675 0.0274755 0.0210851 0.0255171 
15.1405 15.7879 16.0779 16.6732 0.887549 19.3133 18.7412 21.9671 18.7412 18.0992 21.6417 21.9671 21.6417 23.5075 0.0249163 0.0234559 0.0309321 0.0172492 
14.1193 12.2492 11.7618 13.9814 0.712785 39.4675 39.431 43.8028 39.431 39.3912 43.7468 43.8028 43.7468 47.7094 0.0334786 0.0243722 0.103057 0.0250096 
13.5084 9.13543 6.72623 9.98358 0.789006 31.8891 30.7483 34.1957 30.7483 29.4398 33.261 34.1957 33.261 36.0507 0.032308 0.0082458 0.038549 0.0137647 
19.3886 19.5517 19.6841 19.9708 0.826342 6.48993 6.39321 8.10737 6.39321 6.2234 8.28163 8.10737 8.28163 7.88759 0.0367102 0.0227441 0.0469728 0.0366013 
10.0571 8.88955 8.69921 7.89316 0.756154 5.28029 4.93245 5.62019 4.93245 4.45865 5.33774 5.62019 5.33774 5.92644 0.0219814 0.0191942 0.0239735 0.0372298 
14.9268 13.9675 12.7995 12.8196 0.87972 5.375 5.24466 6.27244 5.24466 5.09509 6.2094 6.27244 6.2094 6.87714 0.0258824 0.0268229 0.0151359 0.0287066 
11.5354 10.5922 9.75667 9.54508 0.765977 5.03836 4.75992 5.51058 4.75992 4.28439 5.34656 5.51058 5.34656 5.91005 0.0125126 0.0184004 0.0168244 0.0159793 
15.5656 14.3293 12.1287 11.1517 0.827407 13.5471 13.3417 16.9797 13.3417 13.1266 16.9302 16.9797 16.9302 18.539 0.0112958 0.0144404 0.0345316 0.0136438 
11.6277 10.863 10.0336 9.25743 0.809976 7.70833 7.16789 8.26225 7.16789 6.58333 7.75613 8.26225 7.75613 8.79167 0.015324 0.015495 0.0250577 0.0182526 
11.207 10.4917 9.20652 7.77699 0.720806 10.8774 10.1935 12.1851 10.1935 9.48077 11.5469 12.1851 11.5469 13.4255 0.0277871 0.0275515 0.0214421 0.0452878 
12.9268 13.357 10.8309 10.2128 0.772879 15.4067 15.183 18.3656 15.183 14.9514 18.2857 18.3656 18.2857 20.38 0.0165209 0.0201162 0.0219328 0.0226331 
13.8083 12.909 10.3067 9.66316 0.761456 10.5979 10.333 13.1297 10.333 10.0204 13.079 13.1297 13.079 14.3333 0.0130135 0.0220207 0.0191859 0.023213 
15.2784 16.3673 13.7473 12.4386 0.864239 6.4 6.25938 7.60573 6.25938 6.02292 7.66719 7.60573 7.66719 8.11979 0.0113072 0.0125999 0.0323529 0.0117647 
6.91468 8.51783 7.16966 6.7929 0.793377 9.05526 8.76579 10.2763 8.76579 8.4079 10.1974 10.2763 10.1974 11.1342 0.0336275 0.0181373 0.0180828 0.0443355 
7.04447 6.9668 6.79448 7.27885 0.808614 6.69216 6.41667 7.26961 6.41667 6.12941 7.02941 7.26961 7.02941 7.79608 0.0108088 0.0105536 0.0309566 0.0174688 
9.33287 8.84452 7.90253 7.02137 0.923323 5.99306 5.85764 6.81597 5.85764 5.5 6.84028 6.81597 6.84028 7.54167 0.0195098 0.0386642 0.0291667 0.00906863 
11.5588 11.8459 10.0201 9.13905 0.822223 7.16893 6.94907 8.20798 6.94907 6.64092 8.19355 8.20798 8.19355 8.83616 0.0310407 0.0236408 0.0461319 0.0160428 
32.0745 19.1755 15.0967 18.6567 0.805993 10.6883 10.9474 13.0589 10.9474 10.4559 14.0523 13.0589 14.0523 13.3279 0.0278172 0.0212472 0.0256345 0.0374353 
16.8937 15.164 16.9672 16.1698 0.795781 15.6395 15.5699 18.4289 15.5699 15.4898 18.3994 18.4289 18.3994 19.9179 0.0149009 0.0216865 0.0312784 0.0238174 
10.2191 10.4924 8.69151 7.9636 0.856028 10.4579 10.3687 13.6174 10.3687 10.2643 13.6848 13.6174 13.6848 14.3729 0.0157201 0.0123939 0.0344408 0.0163762 
11.375 11.2962 9.03252 8.40124 0.846043 13.0556 12.7553 15.5524 12.7553 12.4423 15.3846 15.5524 15.3846 17.0577 0.0216503 0.0315593 0.022374 0.0307773 
8.1474 6.36093 6.02321 5.74741 0.91145 5.83333 5.27222 6.25833 5.27222 4.57778 5.76389 6.25833 5.76389 6.62778 0.0198039 0.00990196 0.00784314 0.01939 
12.6739 13.0073 10.6306 9.60883 0.842887 19.1459 19.2129 23.4737 19.2129 19.2799 23.5574 23.4737 23.5574 26.6053 0.0300381 0.0270338 0.030915 0.025915 
15.9804 12.6877 13.2189 13.2801 0.888911 9.5085 9.83468 12.9418 9.83468 9.8714 12.5034 12.9418 12.5034 12.757 0.0214902 0.0178845 0.0374392 0.0297888 
6.36794 4.80056 0.456263 5.01355 0.904295 30.4168 30.1026 33.3974 30.1026 29.1701 33.379 33.3974 33.379 35.7316 0.0482386 0.0302849 0.0242346 0.0104919 
10.8694 10.9453 10.3999 9.95932 0.887403 15.0688 14.5844 18.1 14.5844 14.0375 17.8469 18.1 17.8469 19.9937 0.00627451 0.0067402 0.00588235 0 
