1 -0.273985 1
1 -0.963747 1
-1 1.31578 -1
1 -1.0389 1
1 -1.17397 1
1 -1.11662 1
-1 1.12285 -1
-1 1.17705 -1
1 -0.829506 1
1 -0.614707 1
1 -1.59618 1
1 -1.38517 1
1 -0.89145 1
1 -0.265316 1
1 -0.77064 1
1 -0.954214 1
1 -0.723545 1
1 -0.682331 1
1 -1.20723 1
-1 0.791893 -1
1 -1.05367 1
1 -0.909768 1
-1 0.75999 -1
1 -1.0882 1
1 -0.7608 1
1 -0.234151 1
-1 0.888764 -1
1 -0.0762537 1
1 -1.24965 1
1 -0.548596 1
1 -0.0676382 1
-1 0.0412223 -1
-1 0.386997 -1
-1 0.876043 -1
-1 0.545703 -1
-1 0.357143 -1
1 -0.565332 1
1 -0.702223 1
1 -0.958355 1
-1 0.00762007 -1
1 -0.121366 1
-1 0.118994 -1
1 -1.32679 1
1 -0.0734349 1
1 -0.611699 1
1 -1.07759 1
1 -1.14987 1
1 -0.869491 1
1 -0.517282 1
1 -1.44869 1
1 -0.48417 1
-1 0.346622 -1
1 -0.401187 1
-1 0.0686425 -1
1 -1.42097 1
1 -0.601806 1
-1 0.767015 -1
-1 1.52031 -1
1 -1.34251 1
-1 0.112523 -1
-1 1.31224 -1
-1 0.947912 -1
-1 0.26285 -1
1 -1.48171 1
1 -0.988979 1
1 -1.10308 1
-1 1.2938 -1
-1 1.34874 -1
-1 1.15607 -1
-1 0.626491 -1
1 -0.414343 1
-1 1.46311 -1
1 -0.46297 1
1 -0.228741 1
-1 1.53754 -1
-1 0.152598 -1
1 -1.38428 1
1 -0.996096 1
-1 1.05487 -1
1 -1.19198 1
1 -0.896911 1
-1 1.15752 -1
1 -1.29127 1
-1 0.0144881 -1
-1 1.11996 -1
1 -0.159389 1
1 -1.28561 1
-1 0.358624 -1
1 -1.22555 1
1 -1.29991 1
-1 1.25857 -1
1 -0.71045 1
1 -1.11842 1
1 -1.3673 1
-1 0.822442 -1
1 -0.993799 1
1 -0.949543 1
-1 1.16924 -1
1 -0.311031 1
1 -0.790557 1
1 -0.54147 1
1 -1.14884 1
1 -1.2542 1
1 -0.352031 1
1 -0.314954 1
-1 0.0622887 -1
1 -1.88929 1
1 -1.26265 1
1 -0.983248 1
1 -0.937528 1
1 -0.900522 1
1 -0.635108 1
1 -0.491993 1
1 -1.12516 1
1 -0.782569 1
1 -0.659035 1
1 -0.862191 1
1 -1.09084 1
1 -1.44585 1
1 -0.951951 1
1 -1.32826 1
1 -0.0705055 1
