-0.220992	-0.20862	-0.410748	-1.16842	-0.681286	-1.19164	-1.23901	-1.18653	-1.23901	-1.23649	-1.23137	-1.18653	-1.23137	-1.17028	0.157244	0.0914221	0.135504	0.283655	0.387568	0.433063	0.470935	0.492553	0.499048
-0.724477	-0.698638	-0.878908	-1.39294	-0.591151	-0.471695	-0.506429	-0.460131	-0.506429	-0.503389	-0.493566	-0.460131	-0.493566	-0.436008	-0.198252	0.946193	0.720897	0.729919	0.749241	0.760784	0.796366	0.794827	0.771129
-0.193019	-0.13924	-0.348811	-0.676813	-0.986501	-1.3502	-1.4183	-1.35846	-1.4183	-1.43125	-1.4118	-1.35846	-1.4118	-1.36393	0.823298	0.641004	0.935941	1.15332	1.28858	1.33964	1.37276	1.40022	1.40018
-0.617023	-0.576893	-0.735079	-1.36954	-0.8788	-1.20054	-1.23733	-1.18022	-1.23733	-1.24476	-1.22584	-1.18022	-1.22584	-1.15138	0.270262	0.89898	0.874044	0.8015	0.82067	0.79951	0.831237	0.876489	0.880799
0.301762	0.349968	0.205295	0.121063	-2.50101	-1.26105	-1.30781	-1.24969	-1.30781	-1.29672	-1.29591	-1.24969	-1.29591	-1.22634	1.47093	1.53797	1.55783	1.4526	1.38405	1.30607	1.26434	1.20937	1.18399
-0.505676	-0.44616	-0.597364	-0.77315	0.476127	-0.945368	-1.03493	-0.967393	-1.03493	-1.0438	-1.04491	-0.967393	-1.04491	-0.981758	0.766362	0.445001	0.562491	0.577442	0.678837	0.659616	0.580739	0.531891	0.54495
0.431611	0.501033	0.347158	0.0459214	-0.803502	-0.885033	-0.900145	-0.868977	-0.900145	-0.862893	-0.890207	-0.868977	-0.890207	-0.84352	0.651282	0.72567	0.757487	0.836703	0.846516	0.886242	0.891743	0.892804	0.883462
-0.381127	-0.290053	-0.394716	-0.526955	0.379996	-0.802031	-0.914959	-0.865175	-0.914959	-0.934622	-0.96509	-0.865175	-0.96509	-0.923785	-0.385183	-0.638601	-0.482343	-0.473029	-0.475268	-0.453094	-0.454588	-0.486056	-0.489965
-0.374514	-0.189934	-0.341275	-0.292213	-1.75712	-1.07905	-1.22113	-1.13107	-1.22113	-1.28452	-1.28028	-1.13107	-1.28028	-1.20715	-0.264384	0.0753628	0.197132	0.268433	0.365357	0.437851	0.460228	0.460059	0.459896
1.14265	1.02076	0.874961	-0.403469	0.594222	-1.10309	-1.11631	-1.08716	-1.11631	-1.08701	-1.10732	-1.08716	-1.10732	-1.06193	1.23472	0.881663	0.803966	0.633479	0.566442	0.487864	0.388902	0.355284	0.357195
0.352735	0.381391	0.187771	-0.256891	-1.35563	-1.29671	-1.23405	-1.2624	-1.23405	-1.26765	-1.23622	-1.2624	-1.23622	-1.22805	2.1066	1.3967	1.56957	1.5531	1.52921	1.49587	1.46389	1.45007	1.43752
-0.282157	-0.124185	-0.327186	-0.621907	-0.668155	-0.998595	-1.03035	-0.971038	-1.03035	-0.997154	-1.00562	-0.971038	-1.00562	-0.931513	-0.373632	0.150951	0.0515813	-0.0126305	-0.217628	-0.402325	-0.598243	-0.695696	-0.6971
-0.504816	-0.456559	-0.609374	-0.871674	0.599334	-0.0462929	-0.00472342	0.0057402	-0.00472342	0.0628556	0.0357035	0.0057402	0.0357035	0.0708511	0.58937	1.00431	0.270806	-0.110628	-0.365192	-0.46755	-0.562111	-0.60593	-0.655606
-0.291849	-0.137596	-0.303019	-0.173379	-1.56894	-1.23868	-1.35536	-1.27772	-1.35536	-1.3924	-1.39368	-1.27772	-1.39368	-1.31897	-0.279278	-0.863202	-0.595214	-0.555541	-0.46443	-0.414571	-0.383085	-0.375322	-0.389155
0.790035	0.724892	0.566775	-0.211487	0.235557	-1.34143	-1.35375	-1.33439	-1.35375	-1.32091	-1.34597	-1.33439	-1.34597	-1.31503	0.335802	-0.199088	-0.488322	-0.915032	-1.22111	-1.69343	-2.18812	-2.87011	-3.457
-0.0222499	-0.0723055	-0.235725	-0.833991	0.56958	-1.07371	-1.08578	-1.06426	-1.08578	-1.05542	-1.08085	-1.06426	-1.08085	-1.04389	0.312797	0.8807	0.79592	0.676998	0.598822	0.526719	0.451818	0.369752	0.334702
-0.158281	-0.139627	-0.310634	-0.721284	-1.11411	-0.577017	-0.477048	-0.532276	-0.477048	-0.457801	-0.462475	-0.532276	-0.462475	-0.482587	1.02488	0.698148	0.931941	1.0414	1.08384	1.15189	1.18829	1.21048	1.20574
-0.438363	-0.298808	-0.470223	-0.600385	0.757142	-0.99413	-0.972669	-0.959497	-0.972669	-0.944464	-0.956766	-0.959497	-0.956772	-0.917747	-0.563709	-0.326301	-0.00469676	0.19744	0.333511	0.414998	0.465744	0.492448	0.49883
-0.490045	-0.38398	-0.58463	-0.884058	-0.340074	-0.999422	-0.984987	-0.962174	-0.984987	-0.960693	-0.967828	-0.962174	-0.967828	-0.918899	0.258151	0.509794	0.475467	0.364903	0.40106	0.4166	0.46563	0.489972	0.489751
0.130168	0.10504	-0.0906317	-0.870305	-1.29086	-0.99383	-0.986735	-0.987056	-0.986735	-0.970316	-0.977419	-0.987056	-0.977419	-0.968122	0.483432	0.00112528	0.229272	0.186039	0.0757595	-0.0446256	-0.144571	-0.173695	-0.172622
0.624193	0.49146	0.237688	-0.595351	-0.412256	-1.0251	-1.08094	-0.995075	-1.08094	-1.06202	-1.05363	-0.995075	-1.05363	-0.956918	-1.26904	0.17482	-0.299214	-0.405503	-0.393425	-0.415289	-0.375014	-0.386278	-0.375872
-0.36352	-0.303266	-0.458235	-0.452436	0.196853	-0.671277	-0.652804	-0.660378	-0.652804	-0.612491	-0.642653	-0.660378	-0.642653	-0.636145	-0.438745	0.257509	0.443686	0.536069	0.532879	0.548834	0.525538	0.558486	0.547307
-0.422477	-0.363379	-0.522715	-1.04063	-2.35115	-1.2817	-1.34365	-1.27647	-1.34365	-1.35034	-1.33563	-1.27647	-1.33563	-1.25877	1.6817	0.608714	1.01155	1.12338	1.13123	1.10946	1.09961	1.11432	1.1153
1.48633	1.47988	1.37267	0.825203	-0.961633	-0.88502	-0.848773	-0.88571	-0.848773	-0.810456	-0.84411	-0.88571	-0.84411	-0.873307	1.08762	0.298087	0.573818	0.669211	0.631582	0.59395	0.523921	0.479511	0.432675
2.47681	2.55167	2.42143	2.0278	-0.920172	-0.77339	-0.839365	-0.824119	-0.839365	-0.846635	-0.87459	-0.824119	-0.87459	-0.881001	0.385275	0.296799	-0.00582098	-0.335362	-0.456268	-0.467568	-0.437962	-0.373701	-0.34708
0.961256	0.961866	0.749074	0.381073	-1.89908	-1.30346	-1.34098	-1.29533	-1.34098	-1.32112	-1.33179	-1.29533	-1.33179	-1.27614	0.45692	-0.279453	-0.290089	-0.218088	-0.221709	-0.276389	-0.387015	-0.439754	-0.465785
0.609875	0.561892	0.380318	-0.636938	-1.00995	-1.0026	-1.06019	-1.01315	-1.06019	-1.04757	-1.06519	-1.01315	-1.06519	-1.01089	-0.471964	0.842921	0.7231	0.781548	0.722681	0.669007	0.613506	0.591265	0.570353
-0.828909	-0.711509	-0.827116	-1.1242	0.161221	0.00978833	-0.0054893	0.00825437	-0.0054893	0.0330285	-0.00213683	0.00825437	-0.00213683	0.0221115	0.406647	0.433912	0.703726	0.773849	0.842703	0.826523	0.828358	0.831373	0.811081
-0.360894	-0.334563	-0.507293	-1.00221	-0.483132	-1.02333	-1.0666	-1.01412	-1.0666	-1.05947	-1.06118	-1.01412	-1.06118	-0.994836	1.14213	0.461679	0.268648	0.196706	0.216879	0.198426	0.224739	0.268204	0.280842
-0.846063	-0.751533	-0.937264	-1.52628	-0.648831	-1.15847	-1.21236	-1.16033	-1.21236	-1.21489	-1.20989	-1.16033	-1.20989	-1.14951	0.828219	1.08862	1.28458	1.32305	1.32221	1.35113	1.37936	1.3881	1.38615
-0.496437	-0.490561	-0.680678	-1.44103	-0.968164	-1.37205	-1.43355	-1.35892	-1.43355	-1.43046	-1.42063	-1.35892	-1.42063	-1.3351	0.715069	0.826812	0.846714	0.915395	0.960294	0.981149	0.967015	0.958932	0.955276
0.984581	1.1395	0.869029	0.434919	-1.42057	-0.993113	-0.970525	-0.971781	-0.970525	-0.943028	-0.954924	-0.971781	-0.954924	-0.938443	1.05445	1.89847	1.39502	1.185	0.909672	0.638955	0.387948	0.224364	0.156826
-0.640964	-0.448928	-0.696823	-1.02352	-1.10959	-1.24266	-1.34415	-1.22289	-1.34415	-1.36825	-1.32354	-1.22289	-1.32354	-1.19185	0.170133	-0.103536	-0.0957673	-0.0980517	-0.18692	-0.34397	-0.520723	-0.632525	-0.644752
-0.81057	-0.619048	-0.863293	-1.3018	-0.775541	-0.937032	-1.01379	-0.878025	-1.01379	-1.00933	-0.962192	-0.878025	-0.962192	-0.825222	0.597754	1.37519	1.50039	1.53776	1.58304	1.59987	1.57718	1.59575	1.591
-0.64423	-0.523791	-0.749496	-1.30445	1.03737	-0.488505	-0.489953	-0.435447	-0.489953	-0.461118	-0.460095	-0.435447	-0.460095	-0.378375	0.500518	0.246999	0.0585935	-0.264721	-0.365013	-0.377484	-0.336197	-0.26786	-0.201182
-0.887692	-0.81295	-0.913221	-1.33948	0.539809	-0.239341	-0.284786	-0.199091	-0.284786	-0.263723	-0.254684	-0.199091	-0.254684	-0.149431	-0.340237	0.663028	0.570807	0.460756	0.379361	0.337437	0.325631	0.264452	0.281962
-0.729753	-0.629708	-0.633959	-1.30915	1.4351	-0.756382	-0.792224	-0.710209	-0.792224	-0.764458	-0.754728	-0.710209	-0.754728	-0.653271	-0.106627	0.707451	0.561277	0.375217	0.317968	0.204411	0.162923	0.122635	0.120119
-1.04835	-0.859338	-0.972718	-1.35652	-1.02216	-0.715322	-0.819041	-0.683549	-0.819041	-0.836153	-0.789905	-0.683549	-0.789905	-0.640718	1.75437	1.12492	1.16649	1.2956	1.40597	1.46011	1.49617	1.50562	1.5051
-0.728324	-0.545902	-0.763472	-0.921375	-1.59835	-0.943272	-1.01609	-0.890466	-1.01609	-1.0156	-0.976684	-0.890466	-0.976684	-0.842484	1.64218	1.21604	1.13238	1.02385	0.79353	0.609105	0.494775	0.483953	0.472641
-0.141709	-0.0207223	-0.208835	-0.238283	-1.32328	-1.61937	-1.69513	-1.62187	-1.69513	-1.70961	-1.7001	-1.62187	-1.7001	-1.61688	1.40913	0.912118	0.751374	0.597542	0.506988	0.453429	0.447532	0.453156	0.465803
-0.790384	-0.585585	-0.642647	-0.957595	0.305398	-0.83281	-0.791026	-0.805819	-0.791026	-0.832524	-0.797383	-0.805819	-0.797383	-0.774288	1.85244	1.76272	1.90076	2.00577	2.0293	2.04051	2.04792	2.04653	2.0325
-0.883729	-0.716417	-0.92035	-0.773263	-1.63112	-1.17578	-1.30982	-1.2108	-1.30982	-1.36159	-1.34373	-1.2108	-1.34373	-1.23989	0.435833	0.749987	0.893643	0.945162	0.92274	0.868453	0.845292	0.831298	0.837371
-0.774346	-0.612882	-0.860695	-1.05295	-1.14846	-1.22668	-1.32374	-1.22758	-1.32374	-1.34255	-1.32147	-1.22758	-1.32147	-1.21769	-0.738728	0.0506817	0.117119	0.208107	0.330924	0.44726	0.573444	0.637041	0.648743
-0.572594	-0.341969	-0.45584	-0.738988	-2.37523	-1.20276	-1.26087	-1.20317	-1.26087	-1.26582	-1.25836	-1.20317	-1.25836	-1.1923	0.114785	-0.0653321	0.0461874	0.0639752	0.184922	0.238993	0.249048	0.237826	0.228901
-0.96006	-0.76933	-0.970696	-0.843526	-1.30668	-1.22289	-1.33274	-1.23012	-1.33274	-1.3618	-1.33755	-1.23012	-1.33755	-1.22612	0.111398	0.805569	0.596743	0.261998	0.168218	0.228018	0.339023	0.400625	0.418199
-0.599498	-0.417919	-0.477104	-0.74914	-0.127996	-1.07966	-1.12391	-1.06826	-1.12391	-1.10489	-1.1116	-1.06826	-1.1116	-1.04413	0.15526	0.250904	-0.0839003	-0.301158	-0.318182	-0.341153	-0.33817	-0.347811	-0.377443
-0.849294	-0.675916	-0.898228	-1.11829	-1.6511	-0.957603	-1.05655	-0.958686	-1.05655	-1.07014	-1.05333	-0.958686	-1.05333	-0.946478	0.870743	0.499477	0.538937	0.325146	0.109791	0.0168971	0.0357334	0.0357201	0.0596383
-1.02306	-0.852731	-1.01691	-1.58264	-0.437179	-0.747834	-0.88047	-0.747702	-0.88047	-0.918139	-0.875597	-0.747702	-0.875597	-0.73543	-1.14991	0.171331	0.428718	0.556814	0.690255	0.767303	0.783848	0.779533	0.781604
0.176829	0.344045	0.26355	0.35275	-1.77411	-1.23331	-1.31514	-1.23461	-1.31514	-1.32254	-1.31375	-1.23461	-1.31375	-1.22514	0.60136	0.265199	-0.0645715	-0.199223	-0.10026	-0.00930664	0.00388735	0.0296415	0.0279797
-0.990776	-0.878006	-0.884342	-1.37413	0.515542	-0.260691	-0.31156	-0.246593	-0.31156	-0.309837	-0.301504	-0.246593	-0.301504	-0.21871	0.385275	0.640213	0.656932	0.561016	0.476972	0.459064	0.455344	0.436961	0.429009
-0.467243	-0.24993	-0.290545	-0.532031	-0.32554	-1.18032	-1.23346	-1.1736	-1.23346	-1.2378	-1.22992	-1.1736	-1.22992	-1.15541	0.251564	0.246258	0.284021	0.239284	0.211103	0.20303	0.188041	0.176216	0.168465
-0.48435	-0.229464	-0.383372	-0.554783	-2.24792	-1.33041	-1.4145	-1.33377	-1.4145	-1.42735	-1.41557	-1.33377	-1.41557	-1.32503	0.68505	-0.405479	-0.376305	-0.389459	-0.308013	-0.2319	-0.145234	-0.135468	-0.137428
-0.362823	-0.260437	-0.325242	-0.62885	-1.51374	-1.18499	-1.20115	-1.16597	-1.20115	-1.20722	-1.19588	-1.16597	-1.19588	-1.13881	0.959069	0.0829816	-0.370596	-0.203366	-0.0854298	0.0113174	0.0745826	0.099987	0.121748
-0.867726	-0.708893	-0.865395	-0.957378	-2.02072	-1.02611	-1.12699	-1.01752	-1.12699	-1.14215	-1.1155	-1.01752	-1.1155	-0.995777	-0.104019	0.19232	0.231743	0.168085	0.162844	0.133055	0.0975492	0.0819615	0.0762533
-0.0903529	0.152579	-0.0138594	-0.139541	-2.03347	-1.46406	-1.52807	-1.46281	-1.52807	-1.53524	-1.52787	-1.46281	-1.52787	-1.45203	1.31242	1.59077	1.68734	1.76314	1.8548	1.88007	1.89099	1.89993	1.889
-0.911005	-0.700436	-0.724945	-1.08068	-0.633998	-0.904772	-0.955409	-0.887727	-0.955409	-0.955553	-0.942422	-0.887727	-0.942422	-0.858901	0.729525	0.883885	0.656213	0.641589	0.730642	0.725871	0.714706	0.713015	0.708772
-0.592641	-0.515009	-0.582246	-0.984077	0.343315	-0.253344	-0.284484	-0.234683	-0.284484	-0.253725	-0.267427	-0.234683	-0.267427	-0.201728	0.809554	0.806583	0.363584	0.0897161	-0.361044	-0.830166	-1.22192	-1.59051	-1.72393
0.228848	0.281128	0.112174	-0.696609	1.55705	-0.442972	-0.381353	-0.489905	-0.381353	-0.374643	-0.404148	-0.489905	-0.404148	-0.524995	1.9893	1.89696	1.50587	1.36392	1.29409	1.28053	1.25665	1.22059	1.20242
-0.418397	-0.235028	-0.296398	-0.510058	-1.04588	-1.33002	-1.38243	-1.32708	-1.38243	-1.36771	-1.37655	-1.32708	-1.37655	-1.31195	0.100942	0.109916	0.0421417	-0.164167	-0.301858	-0.296167	-0.323743	-0.345365	-0.353248
-0.428869	-0.315193	-0.54094	-0.616858	-1.7108	-1.36052	-1.45048	-1.36583	-1.45048	-1.46466	-1.45222	-1.36583	-1.45222	-1.35938	0.567242	-0.867706	-1.37468	-1.59546	-1.54599	-1.45465	-1.39619	-1.33055	-1.30103
-0.472798	-0.294215	-0.46245	-1.01605	-0.848913	-1.3267	-1.3786	-1.29225	-1.3786	-1.37117	-1.35449	-1.29225	-1.35449	-1.25729	0.0711642	-1.14286	-1.40256	-1.36332	-1.19496	-1.09038	-1.034	-0.983787	-0.949147
-0.833918	-0.634903	-0.789052	-0.746637	-2.09505	-1.22643	-1.32982	-1.24155	-1.32982	-1.35106	-1.34119	-1.24155	-1.34119	-1.24555	0.107968	0.234338	-0.169172	-0.313059	-0.400003	-0.407647	-0.459909	-0.487391	-0.522002
-0.743909	-0.56271	-0.578699	-0.708671	0.246229	-0.0848206	-0.075882	-0.0739672	-0.075882	-0.0556619	-0.0667922	-0.0739672	-0.0667922	-0.0492873	0.846018	0.314785	0.36709	0.276896	0.131088	-0.012566	-0.0807821	-0.136759	-0.163922
-1.19445	-1.15868	-1.19967	-1.44296	0.73928	-0.312184	-0.32431	-0.273396	-0.32431	-0.314118	-0.305805	-0.273396	-0.305805	-0.229478	0.557608	1.05724	0.541364	0.462578	0.58154	0.628421	0.618456	0.654346	0.662171
-1.12277	-0.902625	-1.05984	-1.32749	-1.16114	-0.841392	-0.939465	-0.830537	-0.939465	-0.951537	-0.927485	-0.830537	-0.927485	-0.807088	-1.07333	0.652701	0.52725	0.311453	-0.0170779	-0.338483	-0.610341	-0.721856	-0.748851
-1.11697	-0.896198	-0.934812	-0.98772	0.0505035	-0.722306	-0.782649	-0.723291	-0.782649	-0.777854	-0.781296	-0.723291	-0.781296	-0.711544	-0.727067	0.168064	-0.360257	-0.518516	-0.532849	-0.472043	-0.463597	-0.479437	-0.472725
-0.781284	-0.676464	-0.751304	-1.10254	-0.58025	-1.09068	-1.13212	-1.07626	-1.13212	-1.13099	-1.12482	-1.07626	-1.12482	-1.05202	0.744518	0.480355	0.475826	0.566922	0.48888	0.473059	0.450799	0.432699	0.429896
-0.783922	-0.679421	-0.740842	-1.15274	-0.438287	-0.604183	-0.663609	-0.583982	-0.663609	-0.658224	-0.64774	-0.583982	-0.64774	-0.551587	-0.528506	-0.123399	0.0303647	0.0501058	-0.0826645	-0.25722	-0.397819	-0.505117	-0.518307
1.32095	1.01615	1.20821	0.84466	0.610343	-0.561989	-0.604101	-0.587463	-0.604101	-0.579854	-0.615158	-0.587463	-0.615158	-0.606501	1.20143	0.694851	0.268109	0.0371765	-0.236941	-0.328612	-0.375095	-0.422899	-0.408185
-0.658269	-0.514218	-0.716539	-0.985621	-1.23291	-0.979431	-1.0555	-0.960137	-1.0555	-1.05125	-1.03479	-0.960137	-1.03479	-0.930334	1.09387	0.837565	1.07187	1.10222	1.12608	1.12342	1.12494	1.11028	1.09384
-0.381324	-0.115458	-0.245792	-0.659619	-1.96757	-0.439456	-0.499436	-0.442404	-0.499436	-0.496997	-0.501168	-0.442404	-0.501168	-0.435408	0.114785	0.466457	0.309778	0.414152	0.475366	0.497366	0.522255	0.525512	0.540964
0.234043	0.435482	0.315624	-0.0387359	-0.851654	-0.559716	-0.590368	-0.554167	-0.590368	-0.568829	-0.583097	-0.554167	-0.583097	-0.534857	-0.825979	-0.0186871	-0.478702	-0.64966	-0.855027	-0.854584	-0.877887	-0.844567	-0.818366
-0.421593	-0.236097	-0.421787	-0.61823	-1.3283	-1.13843	-1.22941	-1.15629	-1.22941	-1.25139	-1.25207	-1.15629	-1.25207	-1.17281	0.486665	0.64708	0.896789	1.00605	1.09234	1.13147	1.13538	1.1206	1.09608
0.166649	0.443374	0.309545	0.15934	-1.20002	-0.766248	-0.833305	-0.792349	-0.833305	-0.830845	-0.849913	-0.792349	-0.849913	-0.810298	-1.26904	0.105432	0.133077	0.240812	0.261569	0.341911	0.405885	0.42548	0.438204
-0.0961288	0.00214364	-0.260017	-0.422544	-0.676725	0.79565	0.81251	0.782191	0.81251	0.874742	0.806996	0.782191	0.806996	0.785821	0.217041	0.855146	0.374777	0.0538963	-0.353885	-0.708097	-0.97184	-1.06835	-1.08525
-0.86668	-0.634211	-0.751146	-1.04829	-2.1308	-0.716769	-0.801917	-0.699962	-0.801917	-0.801156	-0.784077	-0.699962	-0.784077	-0.66966	-0.173055	0.338128	-0.176858	-0.426425	-0.558517	-0.568313	-0.519348	-0.48598	-0.46417
-1.10725	-1.02212	-1.07937	-1.30116	1.0898	-0.192975	-0.214474	-0.148272	-0.214474	-0.187933	-0.182835	-0.148272	-0.182835	-0.0930929	-0.135265	0.378057	0.223698	-0.18935	-0.465144	-0.578533	-0.58207	-0.545295	-0.52174
0.687671	0.776422	0.634407	0.0455255	-0.636421	-1.22414	-1.29422	-1.24181	-1.29422	-1.28825	-1.30546	-1.24181	-1.30546	-1.24749	-1.67001	0.207881	0.00847346	-0.0803325	-0.129005	-0.161152	-0.280996	-0.322912	-0.350179
-0.58217	-0.460963	-0.654612	-1.34604	0.0948801	-0.825545	-0.898922	-0.859534	-0.898922	-0.912901	-0.910607	-0.859534	-0.910607	-0.888055	0.393407	-0.0190015	-0.218527	-0.406796	-0.488894	-0.490475	-0.449817	-0.414434	-0.410877
0.376536	0.339677	0.132918	-0.730249	-0.142339	-0.142472	-0.190444	-0.173263	-0.190444	-0.166235	-0.205052	-0.173263	-0.205052	-0.191008	0.0922182	0.708242	0.381565	0.268257	0.251712	0.220837	0.195513	0.237241	0.251453
0.865645	1.04724	0.845517	0.317555	-0.626233	-0.538919	-0.628626	-0.611868	-0.628626	-0.641441	-0.678226	-0.611868	-0.678226	-0.701465	0.225491	0.867319	0.590855	0.415327	0.308289	0.18038	0.0819578	0.00387176	-0.0235237
1.04503	1.0592	0.92177	0.55784	0.4824	-0.474474	-0.488773	-0.519856	-0.488773	-0.491464	-0.48044	-0.519856	-0.48044	-0.580407	1.14414	0.108881	-0.270311	-0.379057	-0.432161	-0.356529	-0.284247	-0.246277	-0.223806
-1.20109	-1.14118	-1.19925	-1.66054	-0.45688	0.587834	0.593783	0.545467	0.593783	0.615606	0.580566	0.545467	0.580566	0.517392	-0.355723	0.662287	0.810664	0.870025	0.854188	0.864899	0.858393	0.849684	0.833195
-0.490452	-0.431132	-0.622762	-0.847811	-2.06855	-1.25751	-1.32083	-1.25847	-1.32083	-1.31326	-1.31817	-1.25847	-1.31817	-1.24717	-0.0512796	-0.143253	-1.089	-1.25807	-1.3198	-1.29294	-1.25824	-1.22278	-1.20175
-1.08752	-0.970917	-1.10525	-1.69464	-0.713683	-1.27889	-1.31894	-1.28081	-1.31894	-1.31979	-1.3159	-1.28081	-1.3159	-1.27011	1.14758	0.74459	0.954461	0.889478	0.756711	0.6289	0.520071	0.498091	0.497462
-0.870689	-0.73788	-0.955375	-0.934889	-1.61715	-1.13917	-1.2201	-1.13931	-1.2201	-1.22185	-1.21618	-1.13931	-1.21618	-1.12658	0.0430525	0.727923	0.968845	0.922682	1.02599	1.14673	1.24617	1.3186	1.35303
-0.544376	-0.383108	-0.573637	-0.951854	-1.21506	-0.85403	-0.880915	-0.856039	-0.880915	-0.859841	-0.87768	-0.856039	-0.87768	-0.844351	-0.627244	0.330732	0.59998	0.626368	0.508616	0.404613	0.279018	0.201836	0.171244
-1.24354	-1.09511	-1.27706	-1.63872	-0.505543	-1.16224	-1.23622	-1.16674	-1.23622	-1.24151	-1.23482	-1.16674	-1.23482	-1.15858	1.06285	0.567354	0.758206	0.758628	0.719648	0.695965	0.673252	0.66907	0.673476
-0.852722	-0.825686	-0.846425	-1.46528	0.134595	-0.557524	-0.579743	-0.554964	-0.579743	-0.548631	-0.572461	-0.554964	-0.572461	-0.537841	0.492364	0.855937	0.764454	0.691954	0.617845	0.617538	0.572183	0.509993	0.499935
-0.931471	-0.820518	-1.01075	-0.948164	-1.85748	-1.06122	-1.1551	-1.07392	-1.1551	-1.16466	-1.16249	-1.07392	-1.16249	-1.07327	0.757791	1.45611	1.72937	1.84507	1.88604	1.85806	1.80396	1.77106	1.74746
-0.791964	-0.695708	-0.83002	-1.40154	-0.867036	-0.935659	-1.00235	-0.952207	-1.00235	-0.990537	-1.01158	-0.952207	-1.01158	-0.95561	0.134907	0.0548811	0.0622346	-0.230106	-0.532849	-0.894764	-1.10985	-1.22227	-1.26464
-0.432715	-0.373113	-0.453185	-0.989012	-0.3785	-0.555244	-0.587916	-0.547136	-0.587916	-0.567052	-0.58026	-0.547136	-0.58026	-0.525384	0.605678	0.138959	-0.0211941	-0.34312	-0.509879	-0.568921	-0.574468	-0.52949	-0.494461
-0.0209365	0.0349236	-0.0545222	-0.910853	0.327643	-1.25568	-1.3015	-1.26674	-1.3015	-1.28534	-1.30586	-1.26674	-1.30586	-1.26624	0.771184	0.813461	0.475017	0.40519	0.174663	-0.058694	-0.241354	-0.348246	-0.335615
0.548443	0.608594	0.529558	-0.180704	-1.87315	-1.21043	-1.24448	-1.21242	-1.24448	-1.2236	-1.24346	-1.21242	-1.24346	-1.2018	0.614688	1.06251	1.11022	0.969697	0.809653	0.669983	0.581046	0.511044	0.490304
-1.30924	-1.19135	-1.35761	-1.75093	-1.39075	-1.2992	-1.34947	-1.29602	-1.34947	-1.35812	-1.34391	-1.29602	-1.34391	-1.28057	0.597754	1.4135	1.67363	1.78218	1.83921	1.85427	1.84761	1.83638	1.82566
-0.900278	-0.816086	-1.00418	-1.44935	-0.809481	-1.21414	-1.28021	-1.20921	-1.28021	-1.27572	-1.27263	-1.20921	-1.27263	-1.19142	1.11189	0.542936	0.264423	0.126594	0.0948939	0.0761179	0.0866322	0.0926328	0.111171
-0.226384	-0.182959	-0.312724	-0.923524	-0.945231	-1.30295	-1.29218	-1.30001	-1.29218	-1.3041	-1.29026	-1.30001	-1.29026	-1.28482	2.22488	1.43736	1.32859	1.16026	1.03242	0.994997	0.972903	0.954534	0.939228
-0.260854	-0.249606	-0.330869	-1.12868	-0.756693	-1.07627	-1.1148	-1.07759	-1.1148	-1.13091	-1.11089	-1.07759	-1.11089	-1.06619	0.0277414	0.664682	0.83251	0.812079	0.769468	0.801682	0.837884	0.841339	0.835654
-1.06252	-0.829389	-0.999427	-1.1806	-0.689512	-1.34891	-1.43985	-1.37059	-1.43985	-1.45544	-1.4545	-1.37059	-1.4545	-1.38788	1.21698	0.502226	0.290629	0.162472	0.102744	0.0334702	0.0167294	0.0403726	0.0521746
0.398326	0.76782	0.689961	0.478541	-1.92155	-1.34792	-1.40031	-1.3491	-1.40031	-1.39579	-1.39942	-1.3491	-1.39942	-1.34118	0.378776	-0.336862	-0.237631	-0.195579	-0.118301	-0.17686	-0.165516	-0.167572	-0.179649
0.623322	1.12328	0.640135	-0.123747	-0.519176	0.154832	0.151048	0.0912388	0.151048	0.21859	0.11317	0.0912388	0.11317	0.0331856	-0.910546	-0.410491	-0.316385	-0.1989	-0.0164537	0.0879029	0.13001	0.122635	0.139323
0.744082	1.01641	0.951383	0.0781472	0.51498	-0.223713	-0.2346	-0.264736	-0.2346	-0.181431	-0.255784	-0.264736	-0.255784	-0.296406	-0.793199	-0.67151	-1.16628	-1.10171	-1.17159	-1.10999	-1.01444	-1.0131	-0.972905
0.440629	0.766777	0.458548	-0.214725	-0.0597269	-0.18541	-0.226292	-0.241231	-0.226292	-0.192698	-0.260097	-0.241231	-0.260097	-0.292583	-0.906556	-0.843978	-1.00332	-1.20421	-1.30639	-1.27931	-1.26669	-1.2029	-1.11738
0.628923	1.08672	0.802697	0.121854	0.365167	-0.400805	-0.417411	-0.456432	-0.417411	-0.378341	-0.446178	-0.456432	-0.446178	-0.512742	-1.14727	-1.21469	-1.02652	-0.881387	-0.746779	-0.654843	-0.618347	-0.573811	-0.543302
0.310432	0.57656	0.26477	0.0138516	-0.648865	-0.646787	-0.794566	-0.71799	-0.794566	-0.846947	-0.859084	-0.71799	-0.859084	-0.794235	-0.874488	-2.36604	-2.27642	-2.09931	-1.9782	-1.95308	-1.90456	-1.88153	-1.86379
1.0068	1.28805	1.60197	2.4488	-0.141852	0.394526	0.39792	0.395284	0.39792	0.454852	0.394312	0.395284	0.394312	0.403775	-1.57611	-2.65008	-2.31083	-2.11025	-2.02642	-1.96606	-1.88342	-1.85216	-1.82613
1.09732	1.30449	0.83231	0.634056	-0.11899	-0.70011	-0.753541	-0.69011	-0.753541	-0.729739	-0.739167	-0.69011	-0.739167	-0.674649	-0.885448	-1.28274	-1.82046	-1.6537	-1.40597	-1.34643	-1.24666	-1.19945	-1.18029
1.98803	2.21464	2.11757	1.567	-0.221674	-0.268378	-0.226625	-0.288712	-0.226625	-0.14745	-0.231589	-0.288712	-0.231589	-0.312448	-0.773679	-2.19092	-2.23392	-2.10336	-1.96553	-1.79112	-1.6961	-1.66521	-1.64089
0.976225	1.08015	0.810402	0.144196	0.225633	-0.0669939	-0.15252	-0.0815298	-0.15252	-0.144958	-0.158603	-0.0815298	-0.158603	-0.0818212	-1.84158	-1.99751	-2.06367	-1.89022	-1.8126	-1.73153	-1.65555	-1.63257	-1.5928
0.593106	0.977937	0.480128	-0.0332637	-0.686241	0.226596	0.216351	0.187618	0.216351	0.290561	0.192299	0.187618	0.192299	0.161733	-1.83935	-2.3816	-2.00827	-1.62488	-1.49506	-1.44014	-1.40822	-1.37491	-1.35681
1.10689	1.36939	1.20958	0.822149	0.293527	0.803774	0.910127	0.832397	0.910127	1.04437	0.944044	0.832397	0.944044	0.877276	-1.24533	-1.77798	-1.63012	-1.5476	-1.34702	-1.19827	-1.08027	-1.04035	-1.02067
1.9951	2.20517	2.32249	1.76687	0.337379	0.378235	0.508849	0.459852	0.508849	0.625465	0.568373	0.459852	0.568373	0.548488	-0.955218	-1.22943	-1.15953	-0.968307	-0.815399	-0.727506	-0.622035	-0.576557	-0.542997
2.43258	2.45262	2.72796	1.77691	0.614575	1.36245	1.35136	1.37554	1.35136	1.44227	1.37989	1.37554	1.37989	1.39927	-0.412803	0.569677	0.0804397	-0.203014	-0.532447	-0.715757	-0.728797	-0.71123	-0.667827
2.14355	2.26628	2.31101	2.02747	0.0219862	0.0390852	0.0598808	0.0754323	0.0598808	0.131734	0.0951925	0.0754323	0.0951925	0.125581	-0.411991	-1.02378	-1.08639	-1.08041	-1.06488	-0.954132	-0.882124	-0.837843	-0.815121
1.7423	1.96904	2.17053	3.03761	0.123566	0.660349	0.824889	0.827792	0.824889	0.888179	0.892991	0.827792	0.892991	0.967211	-1.12093	-0.234624	-0.172318	-0.0919983	-0.00405467	0.140108	0.262861	0.344028	0.357311
1.25762	1.47143	1.2158	0.962971	0.470941	-0.703728	-0.657963	-0.662285	-0.657963	-0.569135	-0.624052	-0.662285	-0.624052	-0.609751	-1.29803	-0.638185	-0.897553	-1.12449	-1.39754	-1.40632	-1.30895	-1.24941	-1.23428
0.894978	0.855167	0.561036	-0.302465	1.14506	-0.678992	-0.775088	-0.638303	-0.775088	-0.781281	-0.736083	-0.638303	-0.736083	-0.598364	-1.0978	-1.32245	-1.12752	-1.24676	-1.44976	-1.62631	-1.7593	-1.82267	-1.80792
1.48378	1.41196	1.4799	1.03984	0.390295	0.814316	0.953462	0.913215	0.953462	1.07702	1.02004	0.913215	1.02004	1.02071	-0.796333	-2.4241	-2.50845	-2.268	-2.16365	-2.05423	-1.98549	-1.91084	-1.86552
0.953493	1.30784	0.870407	0.722517	-1.24135	-0.623307	-0.667958	-0.652781	-0.667958	-0.631195	-0.68804	-0.652781	-0.68804	-0.671432	-0.880395	-2.05532	-1.72148	-1.66081	-1.65292	-1.70743	-1.73451	-1.72862	-1.70887
0.643276	0.807215	0.502081	0.158534	0.686364	-1.04958	-1.00141	-1.0055	-1.00141	-0.93592	-0.976529	-1.0055	-0.976529	-0.957654	-1.7292	-0.42798	-0.227563	-0.293753	-0.449266	-0.526604	-0.523715	-0.4935	-0.469291
1.0321	1.14632	1.42507	2.00471	0.216832	0.551552	0.679261	0.616229	0.679261	0.772719	0.713202	0.616229	0.713202	0.68274	-1.77333	-2.26096	-2.13077	-1.98769	-1.88817	-1.81716	-1.83927	-1.87198	-1.847
1.49432	1.30094	1.47893	1.47895	0.20262	1.73314	1.81078	1.7946	1.81078	1.87591	1.85449	1.7946	1.85449	1.871	-1.79782	-1.24438	-0.951898	-0.627739	-0.486039	-0.424773	-0.404208	-0.410502	-0.413117
1.52581	1.69715	1.35905	0.733065	0.60482	-0.510592	-0.515219	-0.501651	-0.515219	-0.460333	-0.509109	-0.501651	-0.509109	-0.483255	-1.40491	-1.59809	-1.21948	-1.04359	-0.906385	-0.811255	-0.754837	-0.72897	-0.717032
2.29448	2.19455	2.2993	1.64487	0.593342	0.894416	1.01496	0.987738	1.01496	1.13105	1.08151	0.987738	1.08151	1.09035	-0.415389	-0.0833994	-0.399589	-0.803165	-1.07551	-1.26499	-1.33379	-1.3731	-1.40287
1.63428	1.6275	1.37455	0.919956	1.31226	-0.230493	-0.266223	-0.187993	-0.266223	-0.228156	-0.232955	-0.187993	-0.232955	-0.139754	-1.43511	0.476966	0.598766	0.492403	0.408642	0.302615	0.268311	0.220401	0.187422
1.3193	1.53762	1.05335	0.320553	-1.02484	0.0295882	-0.00686692	-0.00610783	-0.00686692	0.0427208	-0.0309171	-0.00610783	-0.0309171	-0.0284204	-0.858049	-0.862969	-1.14838	-1.01917	-1.05857	-1.06714	-1.02135	-1.00469	-0.991572
1.67762	1.82435	1.75793	1.92613	0.260722	-0.0915525	-0.292817	-0.239664	-0.292817	-0.414554	-0.478147	-0.239664	-0.478147	-0.472842	-1.07563	-0.723816	-0.841409	-0.899929	-0.888233	-0.860881	-0.799315	-0.756076	-0.734374
1.46588	1.49828	1.20172	0.406624	1.27689	-0.3225	-0.376646	-0.323411	-0.376646	-0.348987	-0.376263	-0.323411	-0.376263	-0.314425	-1.0897	-1.45166	-1.57619	-1.6103	-1.663	-1.7019	-1.67688	-1.60948	-1.55135
1.97604	2.13719	1.96938	1.12172	0.563233	-0.149375	-0.118451	-0.138638	-0.118451	-0.0395369	-0.111814	-0.138638	-0.111814	-0.118137	-0.812379	-0.529568	-0.761577	-0.584161	-0.564716	-0.467365	-0.342408	-0.260686	-0.227443
2.07776	2.17096	1.86877	0.405507	0.0383513	-0.461946	-0.401294	-0.458149	-0.401294	-0.311187	-0.393827	-0.458149	-0.393827	-0.441957	-0.421209	-0.853392	-0.675317	-0.748451	-0.731236	-0.688209	-0.664458	-0.669206	-0.65693
1.39846	1.43795	1.79429	1.15184	0.271507	0.380168	0.393354	0.374088	0.393354	0.451834	0.411381	0.374088	0.411381	0.371793	-0.69913	-0.832109	-0.73564	-0.66829	-0.572901	-0.518281	-0.501315	-0.489763	-0.485543
0.2561	0.38398	0.00354022	-0.00481353	0.152813	-1.02006	-1.1208	-1.06327	-1.1208	-1.13713	-1.15971	-1.06327	-1.15971	-1.10967	-0.430273	0.116337	-0.348345	-0.156292	-0.0618579	0.0631357	0.15026	0.181949	0.201011
1.5316	1.7296	1.82989	-0.236854	1.65595	0.756364	0.793421	0.75085	0.793421	0.878031	0.794487	0.75085	0.794487	0.75651	-1.34115	-0.912515	-1.55925	-1.40963	-1.22169	-1.17509	-1.05426	-1.041	-1.01604
1.02931	1.23341	0.956083	0.333378	0.433061	-0.557736	-0.578576	-0.556906	-0.578576	-0.524366	-0.568685	-0.556906	-0.568685	-0.545058	-0.241554	-0.352271	-0.751688	-0.527302	-0.412291	-0.388459	-0.38661	-0.387178	-0.383118
0.716156	0.769168	0.731212	0.115138	2.39028	-0.504904	-0.568506	-0.536494	-0.568506	-0.559183	-0.589864	-0.536494	-0.589864	-0.553624	-2.3496	-2.48971	-2.04948	-1.80583	-1.655	-1.53321	-1.43103	-1.37392	-1.32089
1.28322	1.32943	1.11249	1.35569	1.93174	0.177186	0.221182	0.218053	0.221182	0.290088	0.254161	0.218053	0.254161	0.270062	-0.542787	0.122759	0.364348	0.444565	0.507501	0.529812	0.531732	0.561533	0.550493
0.684022	0.898526	0.544823	0.455776	-0.0839563	-1.02754	-1.05127	-1.02377	-1.05127	-1.00802	-1.04394	-1.02377	-1.04394	-1.00788	-0.9904	-0.048624	-0.342726	0.0625355	0.228096	0.31046	0.346754	0.349596	0.352656
1.0935	1.34367	0.886259	-0.0555769	-0.382071	0.239978	0.316333	0.265908	0.316333	0.421938	0.337827	0.265908	0.337827	0.303938	-1.53421	-0.486372	-0.532553	-0.612488	-0.651065	-0.571075	-0.484704	-0.464713	-0.453258
0.746941	0.904818	0.402836	0.809154	0.206328	-0.707238	-0.759558	-0.660017	-0.759558	-0.733478	-0.714669	-0.66001	-0.714663	-0.607073	-1.13155	-1.39613	-1.29557	-1.13786	-1.06711	-0.950541	-0.852785	-0.877226	-0.849122
1.70032	1.76206	1.81313	0.835257	0.547785	0.439506	0.582905	0.494075	0.582905	0.719539	0.613067	0.494075	0.613067	0.556441	-0.296792	-0.0191739	-0.192411	-0.215913	-0.298602	-0.354872	-0.390201	-0.412363	-0.440091
0.797705	0.927252	0.674618	0.946286	-0.348638	-0.880841	-0.951931	-0.862246	-0.951931	-0.944106	-0.93495	-0.862246	-0.93495	-0.83494	-0.86892	-1.65351	-1.54133	-1.49344	-1.49158	-1.52177	-1.49123	-1.45572	-1.41272
1.19026	1.48746	1.03071	0.170596	-0.564733	-0.647046	-0.589009	-0.621222	-0.589009	-0.48401	-0.564754	-0.621222	-0.564754	-0.586199	0.648937	0.670849	0.61796	0.6296	0.684524	0.695211	0.705001	0.73026	0.723277
1.4512	1.46061	1.19711	0.341707	1.20593	-0.299928	-0.367027	-0.299776	-0.367027	-0.351514	-0.365801	-0.299776	-0.365801	-0.289264	-1.79286	-1.54621	-1.48952	-1.45301	-1.40358	-1.35045	-1.33927	-1.35674	-1.36232
0.907158	0.966549	0.682583	0.924524	0.821274	-0.0226833	-0.116962	-0.0461966	-0.116962	-0.115091	-0.134037	-0.0461966	-0.134037	-0.0573219	-1.39453	-0.51992	-0.315396	-0.350965	-0.501962	-0.681249	-0.857395	-0.964531	-0.974026
1.80816	1.84473	1.87056	0.808418	-0.154697	0.784309	0.8671	0.782763	0.8671	0.960969	0.879995	0.782763	0.879995	0.797215	-0.946692	-0.399656	-0.643671	-0.622508	-0.63289	-0.594333	-0.53819	-0.479812	-0.4469
0.362357	0.629743	0.505798	-0.682483	0.848873	-0.684925	-0.745028	-0.695186	-0.745028	-0.721143	-0.745013	-0.695186	-0.745013	-0.700661	-1.12609	-0.00201958	-0.174116	-0.14542	-0.154896	-0.175313	-0.190504	-0.216005	-0.216328
0.24413	0.378722	-0.0131927	-0.0204102	0.126112	-1.07885	-1.17533	-1.12087	-1.17533	-1.18897	-1.21267	-1.12087	-1.21267	-1.16373	-1.72151	-0.414609	-0.164677	-0.155734	-0.08175	-0.0250693	0.0457774	0.113615	0.144343
1.54386	1.80328	1.40397	0.280621	0.389003	-0.469271	-0.434411	-0.458074	-0.434411	-0.346789	-0.425222	-0.458074	-0.425222	-0.434679	-1.26904	-1.42039	-0.967766	-0.866107	-0.892091	-0.930322	-0.969737	-1.01697	-1.04041
1.07001	1.31926	1.39048	-0.0454525	1.31455	1.34012	1.40718	1.35558	1.40718	1.52682	1.42805	1.35558	1.42805	1.38691	-1.54904	-0.544399	-1.32845	-1.48333	-1.29384	-1.22838	-1.18346	-1.12948	-1.13436
0.91176	1.06225	1.04524	-0.30542	2.21156	0.30951	0.316562	0.275733	0.316562	0.380215	0.297366	0.275733	0.297366	0.257168	-1.42384	-0.808776	-1.14271	-1.20312	-1.12007	-1.07874	-1.05381	-1.07575	-1.07878
1.02631	1.22775	0.955801	0.321231	0.445138	-0.439975	-0.455773	-0.436899	-0.455773	-0.396191	-0.442334	-0.436899	-0.442334	-0.423237	-0.584051	0.0898294	-0.169756	-0.326106	-0.25797	-0.150361	-0.0654008	-0.0348355	-0.0144453
0.608678	0.733458	0.328368	1.33318	1.51202	0.427319	0.404412	0.441641	0.404412	0.443786	0.416554	0.441641	0.416554	0.468686	-0.9646	-0.735614	-0.751733	-0.67255	-0.505798	-0.369511	-0.251415	-0.201912	-0.189208
0.70221	0.921293	0.568515	0.485187	-0.0658873	-1.00794	-1.03191	-1.00502	-1.03191	-0.987566	-1.0253	-1.00502	-1.0253	-0.989841	-1.4918	-0.621437	-0.353874	-0.0672564	0.130887	0.222199	0.247011	0.259649	0.26523
1.06691	1.15695	0.73015	0.762887	1.19627	-0.84869	-0.868862	-0.837929	-0.868862	-0.826149	-0.856606	-0.837929	-0.856606	-0.820322	-0.312223	-1.03619	-1.11597	-1.07512	-1.05957	-1.09824	-1.1443	-1.19961	-1.2132
-0.0943391	-0.00960384	-0.162049	-0.494546	1.38387	-0.20859	-0.28082	-0.247438	-0.28082	-0.271137	-0.307195	-0.247438	-0.307195	-0.269406	-2.20465	-0.986408	-1.43545	-1.50231	-1.25305	-1.09266	-1.02717	-0.966422	-0.920864
1.94476	2.02381	1.89926	0.989894	0.192191	0.258679	0.383699	0.29483	0.383699	0.510485	0.402043	0.29483	0.402043	0.339198	-0.162512	-0.394705	-1.20183	-1.16454	-1.14924	-1.01055	-0.967085	-0.938881	-0.870335
0.361555	0.574601	0.201104	0.28844	0.296448	-0.568673	-0.632962	-0.551462	-0.632962	-0.613027	-0.618428	-0.551462	-0.618428	-0.525363	-1.71556	-2.19768	-1.73716	-1.72505	-1.79984	-1.76057	-1.74548	-1.66542	-1.60846
-0.860125	-0.610527	-0.794701	-0.0167621	-1.52903	-1.03084	-1.14264	-1.036	-1.14264	-1.16903	-1.14534	-1.036	-1.14534	-1.03038	-0.318438	0.293015	-0.501492	-0.878625	-1.04757	-1.20344	-1.15027	-1.08624	-1.08899
-0.226129	-0.115799	-0.263192	-0.321512	0.678612	0.28123	0.338579	0.306106	0.338579	0.438692	0.359926	0.306106	0.359926	0.346108	-1.52004	-1.33033	-1.83124	-1.76237	-1.90115	-1.95623	-1.97113	-1.94847	-2.01285
-0.724349	-0.419024	-0.686756	-0.0766317	-0.228845	-0.111489	-0.119767	-0.087103	-0.119767	-0.0713656	-0.0975008	-0.087103	-0.0975008	-0.0486126	-0.803424	-0.29394	-0.513673	-0.614574	-0.565519	-0.440259	-0.398417	-0.398375	-0.434563
-1.04771	-0.712354	-0.990072	-0.113255	-0.920653	-1.19358	-1.24406	-1.19563	-1.24406	-1.23549	-1.24391	-1.19563	-1.24391	-1.1856	-0.335426	0.162941	0.110871	0.020545	-0.0723838	-0.0644761	-0.0243193	0.0123814	0.0306132
0.530709	0.665552	0.194257	0.44961	0.488242	1.64572	1.72696	1.65279	1.72696	1.85933	1.73932	1.65279	1.73932	1.67691	-1.38948	-1.23636	-1.13521	-0.955671	-0.63144	-0.442377	-0.32976	-0.263657	-0.242457
0.622671	0.417209	0.360704	0.636417	2.62407	0.955728	0.972828	0.960567	0.972828	1.01636	0.976403	0.960567	0.976403	0.981303	0.265341	0.543738	0.41757	0.195207	0.0303776	-0.140915	-0.271324	-0.331752	-0.349335
0.948786	0.709262	0.420066	-0.0143017	1.32777	0.318044	0.343391	0.304083	0.343391	0.376454	0.325176	0.304083	0.325176	0.300292	-1.95063	-1.32605	-0.99105	-0.984556	-0.908772	-0.870788	-0.840671	-0.840935	-0.831387
-0.386345	-0.156678	-0.418341	0.331709	-0.346532	-1.50662	-1.57764	-1.50199	-1.57764	-1.57929	-1.57103	-1.50199	-1.57103	-1.48606	0.140914	-1.17703	-0.915398	-1.07039	-1.06613	-1.05832	-1.02741	-1.01826	-1.0357
-0.535381	-0.308892	-0.558113	0.0229861	1.33528	-0.707668	-0.751644	-0.650608	-0.751644	-0.730235	-0.707507	-0.650608	-0.707507	-0.5896	0.321905	0.346426	0.0497835	-0.341415	-0.544021	-0.604037	-0.580339	-0.529566	-0.491187
1.43367	0.485555	0.98982	1.42005	1.48573	1.07008	0.91025	1.02605	0.91025	0.865079	0.881811	1.02605	0.881811	0.997468	-0.748329	-0.98442	-0.934727	-0.999837	-1.03149	-1.09441	-1.18273	-1.22595	-1.23822
0.125926	0.170214	-0.0835816	-0.710792	1.00206	-0.34443	-0.384806	-0.325333	-0.384806	-0.357964	-0.371128	-0.325333	-0.371128	-0.295002	-0.713805	-0.812794	-0.829812	-1.10051	-1.26431	-1.31923	-1.30288	-1.24213	-1.23208
1.26702	0.414629	0.842647	1.55816	0.780398	1.8998	1.65392	1.82523	1.65392	1.54336	1.60486	1.82523	1.60486	1.76586	-1.26904	-1.27749	-1.49661	-1.30782	-1.13967	-1.01801	-0.857702	-0.789035	-0.787245
0.703035	0.622787	0.405152	-0.0458768	1.0419	0.76354	0.840012	0.75596	0.840012	0.878169	0.833545	0.75596	0.833545	0.762098	-0.416606	-0.435132	-0.655448	-0.699202	-0.586103	-0.429984	-0.394034	-0.387824	-0.366357
0.0178798	0.185601	0.0277526	-0.453864	-0.302545	-1.41136	-1.4685	-1.40232	-1.4685	-1.46185	-1.45975	-1.40232	-1.45975	-1.38319	-0.181845	-1.41476	-0.821855	-0.772723	-0.831722	-0.967225	-1.09534	-1.19088	-1.19677
-0.314012	-0.260896	-0.320644	0.107219	2.68768	-0.0359355	-0.00880045	-0.0167637	-0.00880045	0.013344	0.00658943	-0.0167637	0.00658943	0.0174366	0.742578	1.11463	1.05794	1.15538	1.18908	1.15855	1.12785	1.11645	1.10225
-0.193914	-0.164075	-0.47359	-0.613352	0.848611	0.312923	0.285891	0.353683	0.285891	0.32366	0.31954	0.353683	0.31954	0.407326	-0.548826	-0.792129	-0.849276	-0.85976	-0.810158	-0.779471	-0.743321	-0.765501	-0.759515
-0.543621	-0.376169	-0.624288	-0.152692	-0.989559	-1.28636	-1.34887	-1.26097	-1.34887	-1.34294	-1.32525	-1.26097	-1.32525	-1.22518	0.173047	-1.08877	-0.647762	-0.637818	-0.672652	-0.694894	-0.669133	-0.642626	-0.643778
0.785769	0.572372	0.297038	0.654007	1.19209	0.232529	0.240888	0.187884	0.240888	0.262621	0.225016	0.187884	0.225016	0.138563	-0.520681	-0.951632	-1.07326	-1.08255	-0.994875	-0.883144	-0.790339	-0.733038	-0.706047
1.32418	0.781797	0.778913	0.0594678	1.69125	0.938509	0.900514	0.888027	0.900514	0.892264	0.878215	0.888027	0.878215	0.848892	-0.83729	-0.397668	-0.432628	-0.506145	-0.532358	-0.446576	-0.381904	-0.365041	-0.362647
0.933585	0.999176	0.692334	-0.459832	0.0598282	-0.104245	-0.0975835	-0.0931599	-0.0975835	-0.0661387	-0.0953872	-0.0931599	-0.0953872	-0.0708221	0.408488	0.154866	0.415727	0.583084	0.702788	0.761484	0.794409	0.809761	0.811648
0.555288	0.743111	0.463983	-0.171739	-0.426541	-0.250463	-0.210681	-0.235392	-0.210681	-0.199235	-0.209322	-0.235392	-0.209322	-0.209265	-0.48619	0.691229	0.588293	0.449531	0.379049	0.353734	0.364755	0.419806	0.432879
0.546991	0.421146	0.618047	0.19216	0.880798	1.29223	1.17266	1.11758	1.17266	1.16708	1.05046	1.11758	1.05046	0.904439	-1.35145	-1.51123	-1.62983	-1.68453	-1.56872	-1.49132	-1.47374	-1.46972	-1.46089
0.868934	0.889439	1.05764	0.790842	1.58691	0.413035	0.282129	0.289775	0.282129	0.2577	0.196508	0.289775	0.196508	0.135476	-1.42127	-2.27599	-2.05221	-1.80348	-1.77772	-1.75881	-1.76338	-1.74683	-1.71768
1.22193	1.16293	1.51166	0.814725	0.830093	0.646496	0.454728	0.539914	0.454728	0.390681	0.379078	0.539914	0.379078	0.386104	-0.654216	0.141992	-0.267928	-0.281676	-0.257792	-0.254366	-0.317985	-0.374556	-0.396299
0.194331	0.284966	0.833778	0.396726	1.2342	1.55484	1.40979	1.36443	1.40979	1.38523	1.32454	1.36443	1.32454	0.904937	0.900105	1.25801	0.889237	0.531749	0.425145	0.328285	0.233716	0.208229	0.215313
0.880544	0.968957	0.760576	0.330437	1.17245	0.355097	0.173374	0.232367	0.173374	0.115402	0.0735317	0.232367	0.0735317	0.0922019	-1.31471	-2.26074	-2.51816	-2.25519	-2.03821	-1.94621	-1.90872	-1.87167	-1.85992
0.726894	0.942604	0.798256	0.0743433	1.48363	0.463689	0.269428	0.363426	0.269428	0.198721	0.138768	0.363426	0.138768	-0.140613	-0.727812	-0.513803	-0.31207	-0.203689	-0.172938	-0.188184	-0.201664	-0.197319	-0.189499
2.95364	2.66089	3.05144	2.73471	1.19868	-0.469067	-0.595224	-0.528338	-0.595224	-0.633624	-0.651849	-0.528338	-0.651849	-0.593089	-0.797265	-1.81445	-1.49412	-1.65567	-1.72975	-1.65526	-1.58266	-1.61381	-1.59668
1.9584	1.80321	1.80649	0.733193	0.747911	0.362348	0.246206	0.268279	0.246206	0.234779	0.198034	0.268279	0.198034	0.126324	-0.94188	-0.884587	-0.509313	-0.529242	-0.538625	-0.538371	-0.525122	-0.521356	-0.519995
1.07753	0.993882	1.53061	1.36598	1.10656	1.06352	0.922636	1.01299	0.922636	0.899037	0.931406	1.01299	0.931406	0.785316	-0.896616	-0.184297	-0.319172	-0.415846	-0.593729	-0.785474	-0.931454	-1.04046	-1.09494
2.90076	2.77663	3.24844	1.87009	0.626896	0.669081	0.550392	0.660474	0.550399	0.542279	0.544573	0.660474	0.544573	0.585172	-1.10787	-0.714493	-0.886405	-0.895227	-0.849831	-0.713234	-0.602432	-0.571185	-0.565038
1.26863	1.24272	0.946864	0.344591	-0.262343	-0.134784	-0.0506222	-0.0990056	-0.0506222	0.0328556	-0.0167526	-0.0990056	-0.0167526	-0.0501801	-0.00443695	0.0694589	-0.618274	-0.831462	-0.965549	-1.24898	-1.44576	-1.55066	-1.62575
-0.382975	-0.058113	-0.508129	-0.956692	-0.283895	0.260386	0.405629	0.282553	0.405629	0.483277	0.4158	0.282553	0.4158	0.318611	-0.853895	-0.251424	-0.401926	-0.355461	-0.428459	-0.520252	-0.651455	-0.812643	-0.818104
0.723001	0.909438	0.532959	0.163794	-0.13528	-0.225201	-0.231759	-0.215491	-0.231759	-0.185896	-0.219804	-0.215491	-0.219804	-0.19111	-1.54683	-0.503527	-1.34962	-1.31308	-1.17047	-1.12749	-1.04839	-1.06179	-1.07101
0.525351	0.823942	0.476083	-0.414159	-0.309697	-0.457897	-0.448027	-0.402594	-0.448027	-0.384693	-0.400761	-0.402594	-0.400761	-0.336368	-1.12853	-0.724333	-0.762296	-1.03921	-1.32582	-1.44351	-1.39307	-1.23626	-1.1984
0.559809	0.543556	0.375064	0.134241	-0.299287	-1.36665	-1.43714	-1.33377	-1.43714	-1.43463	-1.40367	-1.33377	-1.40367	-1.29578	-0.552037	-0.0209395	-0.337017	-0.614604	-0.515097	-0.457551	-0.488893	-0.56392	-0.574306
2.65038	1.91519	2.0527	0.759394	0.796932	-0.930914	-0.923737	-0.957739	-0.923737	-0.919478	-0.907956	-0.957739	-0.907956	-1.00735	2.08535	1.69567	1.60494	1.42243	1.25573	1.1878	1.20766	1.23101	1.23185
0.16551	0.282629	-0.0767234	-0.214852	0.233291	-1.24895	-1.31842	-1.25407	-1.31842	-1.31341	-1.31811	-1.25407	-1.31811	-1.24873	0.158504	-0.662593	-0.913375	-1.07712	-1.19761	-1.12807	-0.994564	-0.929921	-0.892857
0.186975	0.425685	0.156769	-0.233263	0.33502	-1.01814	-1.0361	-1.02898	-1.0361	-1.00684	-1.03764	-1.02898	-1.03764	-1.02744	0.280455	0.339731	-0.0434444	-0.176038	-0.0814826	0.00518543	0.0687279	0.102763	0.139236
-0.218482	0.0207582	-0.372503	-0.48855	0.224247	-0.761421	-0.860677	-0.770084	-0.860677	-0.870485	-0.863936	-0.770084	-0.863936	-0.765313	-1.68525	-0.468852	-0.73173	-0.716539	-0.791068	-0.797665	-0.777513	-0.76241	-0.716727
-0.137362	0.0666519	-0.302838	-0.243642	0.228235	-1.27009	-1.32301	-1.2778	-1.32301	-1.31146	-1.325	-1.2778	-1.325	-1.27381	-0.0388507	-0.574224	-0.340389	-0.423398	-0.46249	-0.452689	-0.435843	-0.501004	-0.519674
0.083333	0.367343	-0.0964051	0.131074	0.225969	-0.614534	-0.649067	-0.637376	-0.649067	-0.641222	-0.663975	-0.637376	-0.663975	-0.646333	0.358336	-0.590364	-0.167958	-0.249559	-0.355737	-0.519036	-0.619609	-0.727139	-0.760475
-0.327435	-0.106694	-0.394806	-0.614469	0.617758	-0.53063	-0.526913	-0.5408	-0.526913	-0.486047	-0.529627	-0.5408	-0.529627	-0.536247	-0.575381	-0.246879	-0.400802	-0.453224	-0.554659	-0.536309	-0.584771	-0.561354	-0.552672
