-1.18267	-1.18905	-1.15932	-0.792715	-1.16842	1.05304	0.895339	0.930686	0.486946	-0.339963	0.816956	0.620052	0.249146	1.12806	0.819623	0.767028	0.61853	0.564288	-0.263955	0.76968	1.15058	0.372526	0.628595	-1.19164	-1.23901	-1.18653	-1.23901	-1.23649	-1.23137	-1.18653	-1.23137	-1.17028
-0.839643	-0.802727	-0.814182	-0.605883	-1.39294	0.398914	-0.109611	0.152096	0.400177	-0.17475	0.137039	-0.101414	0.454282	0.493276	0.0629853	0.210795	0.219555	0.00471772	-0.211059	0.885047	0.515294	0.00787816	0.111352	-0.471695	-0.506429	-0.460131	-0.506429	-0.503389	-0.493566	-0.460131	-0.493566	-0.436008
-1.07866	-1.15065	-1.14099	-0.951114	-0.676813	1.12064	1.67939	0.82495	0.537371	0.500793	0.349278	3.14526	1.83139	2.66227	0.795291	0.508435	0.680647	1.13108	0.443338	1.4116	1.37489	1.82955	2.14127	-1.3502	-1.4183	-1.35846	-1.4183	-1.43125	-1.4118	-1.35846	-1.4118	-1.36393
-1.17513	-1.15781	-1.11719	-0.730159	-1.36954	1.23082	0.476229	0.549995	0.812888	-1.00017	1.414	0.821272	1.29695	1.11173	0.829481	-0.452396	1.4602	0.408394	-0.652628	-0.134521	1.56017	1.07175	0.761294	-1.20054	-1.23733	-1.18022	-1.23733	-1.24476	-1.22584	-1.18022	-1.22584	-1.15138
-1.69053	-1.69882	-1.65959	-1.5415	0.121063	0.504713	0.471964	1.05035	0.79998	0.14853	5.41051	1.83093	0.918308	0.283574	0.44373	0.25695	1.11116	0.313778	0.871153	-0.205137	1.9165	4.95855	1.0387	-1.26105	-1.30781	-1.24969	-1.30781	-1.29672	-1.29591	-1.24969	-1.29591	-1.22634
-1.3299	-1.39538	-1.41057	-1.26542	-0.77315	1.02037	1.15142	0.582081	0.236923	0.436637	-0.250863	0.202826	0.76789	1.16094	1.23264	0.0561283	0.175084	1.03973	0.312545	1.61354	0.266866	-0.0568757	0.67121	-0.945368	-1.03493	-0.967393	-1.03493	-1.0438	-1.04491	-0.967393	-1.04491	-0.981758
-1.25913	-1.21829	-1.18214	-1.01753	0.0459214	0.504713	-0.228756	-0.05837	0.602075	-0.00862833	0.389492	0.000239142	0.603707	0.376957	0.0605219	0.497479	0.218921	0.306056	0.265813	0.528136	0.688997	0.0878577	0.342898	-0.885033	-0.900145	-0.868977	-0.900145	-0.862893	-0.890207	-0.868977	-0.890207	-0.84352
-0.935209	-1.07601	-1.11544	-1.07886	-0.526955	-0.361764	0.116511	-0.38622	-0.579265	1.47509	0.089135	-0.0539518	0.0277276	-0.558401	-0.242493	-0.170724	0.0172578	0.63633	1.04449	-0.43235	-0.613715	-0.188753	-0.000859523	-0.802031	-0.914959	-0.865175	-0.914959	-0.934622	-0.96509	-0.865175	-0.96509	-0.923785
-1.48813	-1.73602	-1.66533	-1.56481	-0.292213	1.56559	0.648914	1.33197	1.04899	-0.229442	0.890802	0.547583	0.463075	1.69267	1.21895	0.362509	1.11946	1.4251	-0.135362	1.19661	1.25744	0.951962	0.579109	-1.07905	-1.22113	-1.13107	-1.22113	-1.28452	-1.28028	-1.13107	-1.28028	-1.20715
-0.837801	-0.753335	-0.727034	-0.2987	-0.403469	-0.138832	0.632512	-0.351009	0.523494	0.533736	-0.139826	-0.428934	0.445146	0.403334	0.00164732	-0.171462	-0.0384492	0.0212981	0.473126	0.198284	-0.45911	-0.353155	0.363197	-1.10309	-1.11631	-1.08716	-1.11631	-1.08701	-1.10732	-1.08716	-1.10732	-1.06193
-0.975627	-0.825567	-0.864667	-0.698029	-0.256891	0.464671	2.29443	3.27869	-0.0300432	-0.557999	3.55492	0.598643	1.27678	3.11215	1.82052	1.32684	4.4886	0.645141	-0.285811	2.37048	-0.218838	0.788212	0.83338	-1.29671	-1.23405	-1.2624	-1.23405	-1.26765	-1.23622	-1.2624	-1.23622	-1.22805
-1.34508	-1.29406	-1.26596	-1.03651	-0.621907	-0.489196	-0.210834	-0.118465	0.599655	0.947197	0.463338	0.0154242	-0.377542	-0.380536	-0.0299992	0.11324	-0.0431976	0.264539	2.48839	0.179145	-0.498004	0.138304	-0.0546328	-0.998595	-1.03035	-0.971038	-1.03035	-0.997154	-1.00562	-0.971038	-1.00562	-0.931513
-0.614158	-0.470306	-0.512035	-0.335623	-0.871674	-0.572789	-0.66893	-0.346244	-0.1248	-0.221252	0.155788	-0.411662	-0.621083	-0.341873	-0.456474	-0.461448	-0.310104	-0.481675	0.239085	-0.297845	0.0894679	-0.26112	-0.191366	-0.0462929	-0.00472342	0.0057402	-0.00472342	0.0628556	0.0357035	0.0057402	0.0357035	0.0708511
-1.51548	-1.73962	-1.66605	-1.57746	-0.173379	0.664419	0.465714	0.516214	1.17328	0.0951571	0.646653	0.411853	0.0435745	0.759883	0.428317	0.0474258	0.780549	1.05554	0.171188	1.23199	1.17247	0.497472	0.245154	-1.23868	-1.35536	-1.27772	-1.35536	-1.3924	-1.39368	-1.27772	-1.39368	-1.31897
-0.511126	-0.382789	-0.458075	-0.279403	-0.211487	-0.605006	-0.626934	-0.620987	-0.577126	0.364291	-0.151764	-0.00335872	-0.431949	-0.449946	-0.269916	-0.250135	-0.0930101	-0.907928	0.296249	0.259691	-0.266166	0.598631	-0.449862	-1.34143	-1.35375	-1.33439	-1.35375	-1.32091	-1.34597	-1.33439	-1.34597	-1.31503
-0.486179	-0.378327	-0.396108	-0.114667	-0.833991	-0.129338	0.373354	-0.768022	0.336642	0.644075	0.298046	-0.633103	0.00380221	-0.296928	-0.109451	-0.758504	-0.167986	-0.414766	0.443638	-0.106237	-0.862143	-0.423923	0.0663411	-1.07371	-1.08578	-1.06426	-1.08578	-1.05542	-1.08085	-1.06426	-1.08085	-1.04389
-0.717974	-0.537811	-0.61574	-0.478359	-0.721284	0.11143	0.495211	1.08767	-0.420287	-0.711791	-0.00988754	0.978483	0.143253	-0.119828	0.983845	0.76159	0.0572976	-0.0422049	-0.343191	0.0709132	-0.221626	0.852314	0.334167	-0.577017	-0.477048	-0.532276	-0.477048	-0.457801	-0.462475	-0.532276	-0.462475	-0.482587
-1.17707	-1.05105	-1.0672	-0.894573	-0.600385	0.387522	0.0528543	0.55979	0.204652	-0.227394	0.813092	0.604976	-0.168957	0.0544855	0.288819	0.48932	0.776356	0.396266	-0.228907	-0.384519	0.569384	-0.0873563	0.267061	-0.99413	-0.972669	-0.959497	-0.972669	-0.944464	-0.956766	-0.959497	-0.956772	-0.917747
-1.13138	-1.00632	-1.01903	-0.678184	-0.884058	0.514551	0.372362	0.209279	0.177665	-0.493026	0.0629252	0.144929	1.01351	0.428837	0.416816	0.206988	0.286539	-0.0814507	-0.329999	0.778385	1.06478	-0.235852	0.432509	-0.999422	-0.984987	-0.962174	-0.984987	-0.960693	-0.967828	-0.962174	-0.967828	-0.918899
-0.566522	-0.461692	-0.537117	-0.303364	-0.870305	0.14451	-0.147111	0.0683332	0.100939	0.134788	0.0868395	0.200666	0.446856	0.815913	0.252165	0.24953	0.208556	0.0694919	0.409366	0.246807	0.34103	0.351583	0.179939	-0.99383	-0.986735	-0.987056	-0.986735	-0.970316	-0.977419	-0.987056	-0.977419	-0.968122
-1.68435	-1.66926	-1.55971	-0.836166	-0.595351	-0.499494	-0.23623	-0.165958	0.579848	0.930545	-0.0418741	-0.130525	-0.242846	-0.295017	-0.119622	0.359945	0.278309	-0.215313	1.15158	-0.222045	0.474027	0.314852	-0.237228	-1.0251	-1.08094	-0.995075	-1.08094	-1.06202	-1.05363	-0.995075	-1.05363	-0.956918
-0.818354	-0.687421	-0.772098	-0.574332	-0.452436	-0.306823	0.207449	-0.21954	-0.33041	0.139656	-0.12674	0.0951991	-0.0154616	-0.330241	0.381296	0.168137	-0.42508	-0.203866	0.440622	0.176349	-0.61239	-0.0527874	0.180853	-0.671277	-0.652804	-0.660378	-0.652804	-0.612491	-0.642653	-0.660378	-0.642653	-0.636145
-1.37486	-1.40121	-1.35814	-1.01866	-1.04063	0.620696	1.31908	2.07271	-0.102089	-0.485927	3.53755	2.60716	1.14451	0.230822	1.27012	0.545149	0.590755	0.662356	0.207357	-0.218461	0.767904	2.71053	0.997537	-1.2817	-1.34365	-1.27647	-1.34365	-1.35034	-1.33563	-1.27647	-1.33563	-1.25877
-0.15452	0.00361727	-0.152158	-0.177448	0.825203	-0.623186	1.1047	0.286053	-0.40883	0.551983	-0.552865	0.0162156	0.0324512	-0.792514	0.0139305	1.13821	-0.310065	-0.546994	0.913485	-0.607175	-0.550632	0.601653	-0.19849	-0.88502	-0.848773	-0.88571	-0.848773	-0.810456	-0.84411	-0.88571	-0.84411	-0.873307
-0.885167	-1.02046	-1.06806	-1.11273	2.0278	0.523124	0.482943	0.302413	0.490577	0.707776	0.239122	0.160401	-0.0755552	-0.214085	0.254004	0.440601	0.106201	0.834148	0.645003	0.303343	0.416451	0.693718	0.0443401	-0.77339	-0.839365	-0.824119	-0.839365	-0.846635	-0.87459	-0.824119	-0.87459	-0.881001
-1.33434	-1.33172	-1.27969	-1.12093	0.381073	0.354786	0.505693	0.715879	0.712525	0.195304	-0.21394	0.225747	0.352397	0.22192	0.450928	0.454276	0.125825	0.485796	0.684879	0.383983	0.413873	0.26796	0.186054	-1.30346	-1.34098	-1.29533	-1.34098	-1.32112	-1.33179	-1.29533	-1.33179	-1.27614
-1.40214	-1.43194	-1.38443	-0.664837	-0.636938	0.753938	0.9502	0.769621	-0.236823	0.115587	-0.0256898	0.0462263	1.15523	0.637612	0.921997	0.30532	0.175875	1.72522	1.23404	0.805789	0.0143255	-0.166951	0.605806	-1.0026	-1.06019	-1.01315	-1.06019	-1.04757	-1.06519	-1.01315	-1.06519	-1.01089
-0.0582408	0.023851	-0.0431309	0.0729361	-1.1242	-0.404625	0.052193	-1.10424	-0.925175	0.0603943	-0.904991	-0.68402	0.160032	-0.533007	-0.413169	-0.526796	-0.705637	1.87657	-0.0734982	-0.0403994	-1.35516	-0.220686	-0.212737	0.00978833	-0.0054893	0.00825437	-0.0054893	0.0330285	-0.00213683	0.00825437	-0.00213683	0.0221115
-0.967745	-0.961394	-0.916187	-0.499908	-1.00221	0.9874	0.134037	0.914008	0.848711	-0.520599	-0.112545	0.0577052	0.974579	0.658144	0.407193	2.31436	0.138763	0.311735	-0.315988	0.82521	0.57754	0.360736	0.600857	-1.02333	-1.0666	-1.01412	-1.0666	-1.05947	-1.06118	-1.01412	-1.06118	-0.994836
-1.34208	-1.3343	-1.3296	-0.550339	-1.52628	0.744044	0.215815	1.23286	0.163142	-1.09427	0.477189	1.4531	0.413702	0.963742	0.641397	1.24498	0.764643	0.489884	-0.874252	0.130247	0.856916	2.4112	0.637483	-1.15847	-1.21236	-1.16033	-1.21236	-1.21489	-1.20989	-1.16033	-1.20989	-1.14951
-1.64427	-1.66562	-1.59615	-0.699347	-1.44103	0.934184	0.478446	1.84366	0.405743	-0.584435	0.222517	1.02073	0.888542	0.584257	0.858585	1.47637	0.928562	0.55107	-0.196318	-0.0277659	1.03341	0.816324	0.745439	-1.37205	-1.43355	-1.35892	-1.43355	-1.43046	-1.42063	-1.35892	-1.42063	-1.3351
-0.671861	-0.531472	-0.592579	-0.450249	0.434919	1.62065	0.287012	-0.661545	3.15358	0.535919	0.671446	0.112616	-0.112064	-0.483749	0.429921	-0.414555	-0.351133	3.44921	1.10601	-0.436718	1.70634	0.480646	0.13247	-0.993113	-0.970525	-0.971781	-0.970525	-0.943028	-0.954924	-0.971781	-0.954924	-0.938443
-1.47502	-1.59796	-1.41594	-1.18051	-1.02352	0.493494	-0.00580864	0.529187	0.690579	-0.902392	-0.0034973	0.635633	0.0624975	0.547669	0.478155	-0.0246427	0.54027	0.117277	-0.615726	0.00799746	1.15037	0.168578	0.406789	-1.24266	-1.34415	-1.22289	-1.34415	-1.36825	-1.32354	-1.22289	-1.32354	-1.19185
-1.39227	-1.49268	-1.2513	-0.820985	-1.3018	0.955355	0.689918	0.640429	3.85682	-1.13212	1.47958	0.718791	-0.118465	0.973461	0.588196	0.697096	0.771844	3.83413	-1.17886	0.632001	1.14006	0.478009	0.41968	-0.937032	-1.01379	-0.878025	-1.01379	-1.00933	-0.962192	-0.878025	-0.962192	-0.825222
-0.475375	-0.405011	-0.31857	-0.235501	-1.30445	0.00298334	-0.634408	0.0301594	0.823982	-0.401888	0.191907	-0.0711872	-0.302877	-0.0767953	-0.123767	-0.273447	0.0838069	0.686568	-0.307668	0.42996	0.505046	-0.383932	-0.101377	-0.488505	-0.489953	-0.435447	-0.489953	-0.461118	-0.460095	-0.435447	-0.460095	-0.378375
-0.402079	-0.366487	-0.289028	-0.220192	-1.33948	-0.568303	0.381918	-0.684153	-1.45152	-0.254831	-0.744826	-0.180936	-0.349671	-0.57817	0.15339	-0.502746	-0.821998	-0.447199	-0.46756	0.483636	-1.20363	-0.458728	0.173856	-0.239341	-0.284786	-0.199091	-0.284786	-0.263723	-0.254684	-0.199091	-0.254684	-0.149431
-0.720258	-0.692701	-0.602188	-0.354084	-1.30915	-0.469578	-0.435633	0.0309531	-0.730457	-0.474006	-0.702355	-0.272479	-0.417376	0.225307	0.128276	1.64005	-0.551491	-1.16121	-0.626332	0.533856	-0.687879	-0.286032	0.0816284	-0.756382	-0.792224	-0.710209	-0.792224	-0.764458	-0.754728	-0.710209	-0.754728	-0.653271
-1.15046	-1.22949	-1.08588	-0.763125	-1.35652	0.951674	2.84711	0.203879	-0.79028	-0.871224	-0.753779	0.102144	0.397762	1.7883	1.1625	-0.443227	-0.124068	1.33676	-0.382117	0.649034	-0.118044	0.0873245	0.444171	-0.715322	-0.819041	-0.683549	-0.819041	-0.836153	-0.789905	-0.683549	-0.789905	-0.640718
-1.35875	-1.43675	-1.20042	-0.826099	-0.921375	-0.016002	0.0114862	1.87458	-0.19483	-0.829227	1.69553	0.171808	0.0764794	1.53376	0.401286	2.48379	1.32952	0.684614	-0.352459	1.37945	-0.110586	-0.453159	0.525713	-0.943272	-1.01609	-0.890466	-1.01609	-1.0156	-0.976684	-0.890466	-0.976684	-0.842484
-1.90062	-2.11743	-1.95916	-1.99316	-0.238283	1.03291	0.294419	1.40102	2.28596	-0.622428	2.2951	2.31498	0.578259	0.50054	0.560461	1.86236	0.909453	0.484298	-0.10721	0.133829	3.24444	1.1728	0.838707	-1.61937	-1.69513	-1.62187	-1.69513	-1.70961	-1.7001	-1.62187	-1.7001	-1.61688
-0.341479	-0.234703	-0.222675	-0.325009	-0.957595	-0.14326	0.150439	-0.0078582	4.13581	-1.06601	0.537682	6.08405	3.50743	1.61486	-0.177791	0.758326	0.379002	-0.541316	-0.833901	2.63905	1.19847	3.25523	4.78457	-0.83281	-0.791026	-0.805819	-0.791026	-0.832524	-0.797383	-0.805819	-0.797383	-0.774288
-1.64722	-1.84962	-1.72834	-1.72583	-0.773263	0.512421	0.722326	1.72744	-0.0670351	-0.414583	-0.280171	2.21192	0.159224	0.766381	0.647539	1.3078	0.361712	0.487704	-0.0575056	0.145928	1.0316	1.18429	0.63389	-1.17578	-1.30982	-1.2108	-1.30982	-1.36159	-1.34373	-1.2108	-1.34373	-1.23989
-1.52523	-1.68956	-1.54283	-1.46433	-1.05295	1.28524	0.416012	0.808642	0.210622	-0.482106	0.0697362	0.551793	0.649041	1.38298	0.715215	0.696669	0.572991	2.00889	-0.834074	0.808271	0.982107	0.35881	0.835556	-1.22668	-1.32374	-1.22758	-1.32374	-1.34255	-1.32147	-1.22758	-1.32147	-1.21769
-1.01435	-1.07246	-1.02775	-1.05268	-0.738988	1.12726	0.964023	1.11399	0.929631	-0.567009	0.324524	0.585976	0.758103	1.1332	1.13281	0.777129	0.706246	0.489339	-0.216579	0.433637	1.19854	0.452446	0.70667	-1.20276	-1.26087	-1.20317	-1.26087	-1.26582	-1.25836	-1.20317	-1.25836	-1.1923
-1.65397	-1.84043	-1.67987	-1.56855	-0.843526	1.59038	0.328546	0.623379	0.305984	-0.911083	1.34953	0.419986	0.392822	1.42137	0.705122	-0.00510152	1.28362	0.834829	-0.896108	0.768392	1.34401	0.442227	0.514713	-1.22289	-1.33274	-1.23012	-1.33274	-1.3618	-1.33755	-1.23012	-1.33755	-1.22612
-0.740811	-0.75095	-0.709121	-0.714624	-0.74914	0.0609167	0.380166	-0.225895	-0.757	0.215232	0.434986	-0.0225019	0.563872	-0.37857	0.314168	-0.202854	-0.0470746	-0.198779	0.681516	-0.386499	-0.535019	0.128469	0.321811	-1.07966	-1.12391	-1.06826	-1.12391	-1.10489	-1.1116	-1.06826	-1.1116	-1.04413
-1.2872	-1.38566	-1.28875	-1.21208	-1.11829	0.322396	0.0246803	0.567362	-0.410969	-0.658238	-0.476953	0.538623	-0.321737	0.519709	0.0929508	0.26779	0.393562	-0.118606	0.047983	0.221006	0.301787	3.68531	0.00812367	-0.957603	-1.05655	-0.958686	-1.05655	-1.07014	-1.05333	-0.958686	-1.05333	-0.946478
-1.43649	-1.57514	-1.44543	-0.965684	-1.58264	0.599237	0.0429005	0.87938	-0.260784	-0.506084	1.15887	0.465541	-0.0341986	0.780361	0.593007	1.21339	0.873211	0.493155	-0.00542937	0.156361	0.424258	0.0911753	0.586516	-0.747834	-0.88047	-0.747702	-0.88047	-0.918139	-0.875597	-0.747702	-0.875597	-0.73543
-1.36749	-1.50004	-1.39389	-1.08275	0.35275	0.239897	0.389095	0.911095	0.0110218	-0.399659	0.29246	0.645314	0.136635	0.713901	0.655325	0.78762	0.398191	0.0266114	0.442562	0.34272	0.529374	0.869436	0.604545	-1.23331	-1.31514	-1.23461	-1.31514	-1.32254	-1.31375	-1.23461	-1.31375	-1.22514
-0.656171	-0.634827	-0.595093	-0.384799	-1.37413	0.645031	0.341839	-0.0603283	-1.14055	-0.85125	-0.339439	0.169074	0.133589	0.196308	0.319254	0.0293216	-0.0737418	-0.151766	-0.141138	0.295267	-0.370585	-0.00814742	0.108326	-0.260691	-0.31156	-0.246593	-0.31156	-0.309837	-0.301504	-0.246593	-0.301504	-0.21871
-0.924798	-0.937515	-0.875089	-0.965105	-0.532031	1.10292	-0.0621575	0.527863	0.611192	-0.863308	0.293455	0.201746	0.383687	0.877076	0.386694	0.110365	0.522743	0.52972	-0.538431	0.142816	1.55863	-0.208452	0.452745	-1.18032	-1.23346	-1.1736	-1.23346	-1.2378	-1.22992	-1.1736	-1.22992	-1.15541
-1.35001	-1.46459	-1.35323	-1.39675	-0.554783	1.08883	0.197496	0.614379	0.0410746	-0.536569	0.0498402	0.418726	0.911566	0.800676	0.794979	0.641306	0.428182	0.611255	-0.308143	0.109379	0.4734	0.309341	0.778	-1.33041	-1.4145	-1.33377	-1.4145	-1.42735	-1.41557	-1.33377	-1.41557	-1.32503
-0.55228	-0.522084	-0.46973	-0.516247	-0.62885	1.14055	-0.0652333	1.52719	0.884047	-0.929419	0.468427	0.699468	0.673773	0.475475	0.591795	0.700942	0.863359	0.69488	-0.731991	0.00614303	1.4805	0.460888	0.538889	-1.18499	-1.20115	-1.16597	-1.20115	-1.20722	-1.19588	-1.16597	-1.19588	-1.13881
-1.5149	-1.621	-1.4851	-1.35968	-0.957378	0.480435	-0.175285	0.242159	0.478314	-0.618697	1.22862	0.337007	-0.186388	0.827162	0.128276	-0.245474	0.913567	0.287115	0.0978597	0.50265	1.16215	0.211826	0.161973	-1.02611	-1.12699	-1.01752	-1.12699	-1.14215	-1.1155	-1.01752	-1.1155	-0.995777
-1.51222	-1.65809	-1.52859	-1.69056	-0.139541	1.64176	0.629304	2.71183	0.948833	-0.20619	1.37631	1.40053	1.41857	1.02654	1.286	1.51095	0.947593	1.23228	0.0422915	0.396397	1.77346	1.07578	1.25118	-1.46406	-1.52807	-1.46281	-1.52807	-1.53524	-1.52787	-1.46281	-1.52787	-1.45203
-0.925093	-0.950217	-0.884624	-0.682462	-1.08068	0.840868	0.0699835	0.332912	0.792961	-0.975875	0.716634	0.39602	0.0901825	1.31101	0.453549	-0.179582	0.822804	0.45718	-0.710092	0.64344	1.04247	0.194941	0.441934	-0.904772	-0.955409	-0.887727	-0.955409	-0.955553	-0.942422	-0.887727	-0.942422	-0.858901
-0.42052	-0.379012	-0.362723	-0.458129	-0.984077	-0.583432	-0.18914	-0.692571	-1.14184	0.363928	-1.04947	-0.401982	-0.739591	-0.109179	-0.415242	-0.311443	-0.568979	-0.501344	0.781528	-0.265381	-1.17428	-0.269473	-0.143298	-0.253344	-0.284484	-0.234683	-0.284484	-0.253725	-0.267427	-0.234683	-0.267427	-0.201728
-0.534527	-0.438476	-0.576441	0.339691	-0.696609	2.49259	1.86735	-0.130642	2.62296	0.00693196	0.0193064	0.904177	0.957366	0.0762762	0.643745	0.501364	-0.228205	2.54647	0.303449	0.556232	3.30467	1.15037	0.498733	-0.442972	-0.381353	-0.489905	-0.381353	-0.374643	-0.404148	-0.489905	-0.404148	-0.524995
-0.985595	-1.03504	-0.989513	-1.02493	-0.510058	0.0342227	-0.0768733	0.347206	0.148741	0.0489739	0.112359	0.112544	0.539637	-0.122177	0.161526	-0.122471	0.047604	1.1557	0.282713	0.444228	0.016835	0.0252959	0.344347	-1.33002	-1.38243	-1.32708	-1.38243	-1.36771	-1.37655	-1.32708	-1.37655	-1.31195
-1.66136	-1.79674	-1.66864	-1.09189	-0.616858	0.472553	0.335689	0.391154	0.315545	-0.972873	-0.10053	0.391127	0.111435	0.774628	0.70696	-0.0942646	0.452238	0.0912489	-0.847524	0.0193423	0.461272	0.109837	0.53208	-1.36052	-1.45048	-1.36583	-1.45048	-1.46466	-1.45222	-1.36583	-1.45222	-1.35938
-1.30648	-1.33773	-1.1765	-0.901166	-1.01605	0.596877	0.64058	0.77984	0.569602	-0.612464	-0.138984	0.561831	0.26723	1.04828	0.714628	0.793719	0.482347	0.258543	-0.550459	0.25856	0.780658	0.542408	0.61025	-1.3267	-1.3786	-1.29225	-1.3786	-1.37117	-1.35449	-1.29225	-1.35449	-1.25729
-1.4983	-1.64587	-1.55557	-1.74141	-0.746637	0.403631	0.854401	0.391523	0.00105794	-0.313435	-0.0421044	0.163784	0.211704	0.652793	0.541254	0.913187	0.207765	0.716592	-0.130187	1.23526	0.16454	0.70761	0.257573	-1.22643	-1.32982	-1.24155	-1.32982	-1.35106	-1.34119	-1.24155	-1.34119	-1.24555
-0.489887	-0.425686	-0.441838	-0.799436	-0.708671	0.184149	2.81989	0.599129	-0.734248	-0.638627	-0.143039	-0.035096	0.580279	-0.68018	1.29026	0.750245	-0.236671	0.589543	-0.561451	-0.60906	-0.655886	-0.389531	0.172248	-0.0848206	-0.075882	-0.0739672	-0.075882	-0.0556619	-0.0667922	-0.0739672	-0.0667922	-0.0492873
-0.442865	-0.388068	-0.337665	-0.363636	-1.44296	-0.346059	0.974902	0.105661	-0.585315	-0.585801	-0.520725	0.344313	-0.0548922	0.175557	0.140989	0.41865	0.0199085	-0.892802	-0.603483	-0.268681	-0.508042	1.05567	0.434463	-0.312184	-0.32431	-0.273396	-0.32431	-0.314118	-0.305805	-0.273396	-0.305805	-0.229478
-1.19983	-1.29282	-1.16531	-0.977584	-1.32749	-0.148841	-0.13008	0.330104	-0.107011	-0.0726472	-0.44114	0.237622	0.203688	-0.267876	0.543757	-0.405153	0.145806	-0.425759	-0.00874917	-0.310196	-0.139863	-0.0915629	0.340029	-0.841392	-0.939465	-0.830537	-0.939465	-0.951537	-0.927485	-0.830537	-0.927485	-0.807088
-0.854867	-0.865239	-0.844537	-1.09761	-0.98772	0.0365819	0.0653545	0.2923	0.146845	-0.520099	-0.0887837	0.148922	0.10286	0.226561	0.328211	0.507891	0.029088	0.20349	-0.5771	-0.13867	0.0521751	0.215055	0.317524	-0.722306	-0.782649	-0.723291	-0.782649	-0.777854	-0.781296	-0.723291	-0.781296	-0.711544
-0.883424	-0.86853	-0.807899	-0.712405	-1.10254	0.999424	-0.063282	0.691523	1.22855	-0.910173	0.483196	0.305018	0.367374	1.02163	0.475573	0.153296	0.690459	0.566968	-0.880934	0.51434	1.65099	-0.0739968	0.481523	-1.09068	-1.13212	-1.07626	-1.13212	-1.13099	-1.12482	-1.07626	-1.12482	-1.05202
-0.717238	-0.715342	-0.646465	-0.600641	-1.15274	-0.20039	-0.342082	-0.050586	-0.646632	0.086739	-0.344719	-0.158159	0.968738	-0.186998	0.153976	-0.560791	-0.156472	-0.235208	0.309353	0.0714162	-0.376578	-0.520816	0.410729	-0.604183	-0.663609	-0.583982	-0.663609	-0.658224	-0.64774	-0.583982	-0.64774	-0.551587
-0.146859	-0.186372	-0.237212	-0.775508	0.84466	0.216827	0.390715	-0.137949	0.939756	0.793451	-0.0771903	-0.841627	-0.724894	-0.479544	0.346285	-0.184127	-0.195009	-0.29821	2.07959	-0.194703	0.202179	-0.356858	-0.625586	-0.561989	-0.604101	-0.587463	-0.604101	-0.579854	-0.615158	-0.587463	-0.615158	-0.606501
-1.35463	-1.4618	-1.30255	-1.0944	-0.985621	0.673222	1.55592	0.468139	1.57571	-0.899663	1.3418	0.738114	-0.181851	1.07455	0.792906	0.624871	0.603495	0.652409	-0.558908	0.364027	1.46209	0.336298	0.535233	-0.979431	-1.0555	-0.960137	-1.0555	-1.05125	-1.03479	-0.960137	-1.03479	-0.930334
-0.966934	-1.00272	-0.956866	-1.11659	-0.659619	0.318369	0.218031	0.68088	-0.0787326	-0.303516	-0.28549	0.0559422	1.29683	0.157972	0.570945	0.245955	-0.147135	0.81457	-0.0697056	0.0409632	0.127386	-0.0113758	0.435409	-0.439456	-0.499436	-0.442404	-0.499436	-0.496997	-0.501168	-0.442404	-0.501168	-0.435408
-0.487063	-0.453452	-0.457287	-0.644478	-0.0387359	0.428485	-0.65448	-0.307857	-0.189827	0.321796	0.0936882	-0.502987	-0.257854	-0.095746	-0.202319	-0.0140367	-0.0796764	0.0855253	0.348369	0.119939	-0.35483	0.0218892	-0.0631425	-0.559716	-0.590368	-0.554167	-0.590368	-0.568829	-0.583097	-0.554167	-0.583097	-0.534857
-1.65591	-1.86493	-1.74807	-1.95381	-0.61823	1.22023	1.52721	0.701425	1.33553	0.0601231	0.484421	1.05434	0.522764	1.27993	1.05046	0.172139	0.457064	1.71554	-0.135575	1.09595	1.75102	0.826187	0.977332	-1.13843	-1.22941	-1.15629	-1.22941	-1.25139	-1.25207	-1.15629	-1.25207	-1.17281
-0.980415	-1.06585	-1.06333	-1.45868	0.15934	0.861579	0.246999	0.15395	-0.369217	0.0066594	1.02484	-0.0826661	0.152388	0.26042	0.209917	0.490913	0.618253	0.818477	0.11394	0.155482	0.300952	0.0675373	0.180569	-0.766248	-0.833305	-0.792349	-0.833305	-0.830845	-0.849913	-0.792349	-0.849913	-0.810298
-0.0809292	-0.0171463	-0.0577667	-0.247627	-0.422544	-1.28364	0.468128	0.186088	-0.631665	1.20919	-0.841936	-0.0824505	-0.0651144	-1.2721	-0.245192	0.812407	-0.650206	-1.36634	1.15567	-0.584768	-0.917278	2.34248	-0.144244	0.79565	0.81251	0.782191	0.81251	0.874742	0.806996	0.782191	0.806996	0.785821
-1.14741	-1.21663	-1.10704	-0.870161	-1.04829	0.0901432	-0.403887	0.0851179	-0.464942	-0.652232	-0.208812	0.221033	-0.349329	0.17501	-0.15299	0.0601298	0.354274	0.102696	-0.582791	-0.233075	0.00895759	0.31417	-0.00139496	-0.716769	-0.801917	-0.699962	-0.801917	-0.801156	-0.784077	-0.699962	-0.784077	-0.66966
-0.447874	-0.400946	-0.334043	-0.331635	-1.30116	-0.276331	0.619516	0.00744478	-1.00807	-0.513091	-0.952474	-0.0760098	-0.213203	-0.176896	0.193995	-0.363271	-0.447593	-0.160486	-0.444453	0.348189	-0.717365	-0.0617929	-0.0148542	-0.192975	-0.214474	-0.148272	-0.214474	-0.187933	-0.182835	-0.148272	-0.182835	-0.0930929
-0.940391	-1.00372	-1.01006	-0.716876	0.0455255	-0.644703	-0.593998	-0.48433	-0.853653	0.560444	-0.617566	-0.696543	-0.237221	-0.766137	-0.397717	-0.862121	-0.402093	-0.274363	0.185588	-0.55639	-0.761767	-0.711938	-0.258063	-1.22414	-1.29422	-1.24181	-1.29422	-1.28825	-1.30546	-1.24181	-1.30546	-1.24749
-0.546878	-0.580951	-0.633012	-0.407088	-1.34604	0.187313	0.186054	0.716038	0.679487	-0.755016	0.53244	0.343341	0.547777	0.177194	0.172557	0.388228	0.551309	-0.114291	-0.517179	-0.260573	1.23778	0.113895	0.362093	-0.825545	-0.898922	-0.859534	-0.898922	-0.912901	-0.910607	-0.859534	-0.910607	-0.888055
-0.419857	-0.42308	-0.474214	-0.26969	-0.730249	-0.399159	-0.813473	-0.151185	0.823821	0.368934	-0.00724775	-0.581179	-0.269319	-0.164008	-0.458469	-0.0131428	-0.159677	-0.181745	0.98591	-0.568929	-0.120065	-0.659121	-0.201768	-0.142472	-0.190444	-0.173263	-0.190444	-0.166235	-0.205052	-0.173263	-0.205052	-0.191008
-0.567872	-0.685566	-0.789075	-0.981347	0.317555	1.03607	0.890743	0.114662	-0.157394	1.84169	0.0416894	-0.531307	0.72352	-0.0267187	0.564216	2.07962	0.00752523	0.959107	0.790064	0.0590964	-0.475211	0.175569	-0.0796914	-0.538919	-0.628626	-0.611868	-0.628626	-0.641441	-0.678226	-0.611868	-0.678226	-0.701465
0.103893	0.113622	-0.0803852	-0.719609	0.55784	0.030713	0.643953	0.09433	0.305459	-0.171792	-0.459314	0.383175	0.247623	0.273909	0.0443658	0.511387	0.0246569	-0.014451	0.310862	0.0423466	0.101107	0.893933	0.214453	-0.474474	-0.488773	-0.519856	-0.488773	-0.491464	-0.48044	-0.519856	-0.48044	-0.580407
0.145685	0.196589	0.0825767	0.0911717	-1.66054	0.287188	-0.620089	-0.367475	-0.700686	-1.02392	-0.556423	-0.324366	-0.6726	0.0797167	0.0102535	-0.707609	-0.480511	0.405488	-0.337196	0.211044	-0.123132	-0.681841	-0.0652862	0.587834	0.593783	0.545467	0.593783	0.615606	0.580566	0.545467	0.580566	0.517392
-1.63951	-1.67099	-1.62379	-1.04895	-0.847811	1.19492	1.05341	0.642335	0.0958965	-0.957584	-0.239346	0.72059	0.632883	1.31412	1.13946	0.367832	0.347984	1.22524	-0.805105	0.688852	0.723641	0.272847	0.969767	-1.25751	-1.32083	-1.25847	-1.32083	-1.31326	-1.31817	-1.25847	-1.31817	-1.24717
-1.19708	-1.17427	-1.19347	-0.606366	-1.69464	0.938556	0.471369	1.53312	0.238859	-1.48552	0.359877	1.02159	0.302993	0.987551	1.22048	0.423623	0.609232	0.436376	-1.41445	0.167612	1.10409	0.492525	0.733556	-1.27889	-1.31894	-1.28081	-1.31894	-1.31979	-1.3159	-1.28081	-1.3159	-1.27011
-1.63096	-1.69756	-1.62872	-1.40159	-0.934889	0.786904	0.834824	0.60612	1.36905	-0.402798	0.948655	0.430385	1.28822	0.714557	1.29637	-0.0321803	0.439853	0.893289	0.134244	1.02188	1.24963	0.0800378	0.604419	-1.13917	-1.2201	-1.13931	-1.2201	-1.22185	-1.21618	-1.13931	-1.21618	-1.12658
-0.944638	-0.902084	-0.941541	-0.717422	-0.951854	-0.0416605	0.608405	0.609031	0.162618	-0.685355	-0.761508	0.176414	0.0338485	0.0746926	0.376524	0.88805	-0.0119812	-0.399867	-0.346896	-0.48854	0.033215	-0.196751	0.460562	-0.85403	-0.880915	-0.856039	-0.880915	-0.859841	-0.87768	-0.856039	-0.87768	-0.844351
-1.33614	-1.36194	-1.34158	-0.83028	-1.63872	0.396325	3.66621	1.2336	-0.419318	-1.21489	0.559492	1.34425	1.7936	0.163706	1.99671	0.0879474	0.311979	-0.278769	-1.24184	-0.196495	0.0622129	1.34985	1.04835	-1.16224	-1.23622	-1.16674	-1.23622	-1.24151	-1.23482	-1.16674	-1.23482	-1.15858
-0.597755	-0.529174	-0.582872	-0.301756	-1.46528	0.815208	-0.448166	-0.853532	-1.1967	-0.0227336	-0.869676	-0.340451	-0.30471	0.320764	0.190866	-1.35246	-0.259263	1.50823	0.494507	0.551235	-1.23339	-0.355347	0.0709121	-0.557524	-0.579743	-0.554964	-0.579743	-0.548631	-0.572461	-0.554964	-0.572461	-0.537841
-1.62102	-1.70642	-1.61763	-1.34143	-0.948164	1.50645	0.917164	0.492812	0.234583	-0.681534	0.694441	0.315058	0.547498	1.23297	0.786607	-0.0482653	0.910323	3.51044	-0.391601	0.408182	0.80652	0.40742	0.558274	-1.06122	-1.1551	-1.07392	-1.1551	-1.16466	-1.16249	-1.07392	-1.16249	-1.07327
-1.30878	-1.33079	-1.33628	-0.64956	-1.40154	0.46214	-0.521544	0.230829	-0.818154	-0.153547	-0.587607	0.189224	-0.0458506	0.132142	0.10852	-0.22259	-0.0115449	0.071536	-0.260939	0.0560488	-0.0576801	-0.23757	0.214548	-0.935659	-1.00235	-0.952207	-1.00235	-0.990537	-1.01158	-0.952207	-1.01158	-0.95561
-0.870925	-0.821834	-0.825713	-0.443335	-0.989012	-0.245495	-0.532061	0.461256	-0.599192	-0.094852	0.480059	0.768772	-0.254156	-0.491667	-0.0814417	1.36619	0.469448	0.111644	0.266805	-0.756577	-0.316981	0.400341	-0.0505982	-0.555244	-0.587916	-0.547136	-0.587916	-0.567052	-0.58026	-0.547136	-0.58026	-0.525384
-0.980365	-0.967645	-1.01708	-0.701116	-0.910853	0.295299	-0.255343	-0.0608585	0.110055	0.117225	0.4457	-0.151826	-0.0924892	0.175611	0.126711	-0.328809	0.183115	0.298697	0.321769	0.0394235	0.419309	-0.345424	0.191949	-1.25568	-1.3015	-1.26674	-1.3015	-1.28534	-1.30586	-1.26674	-1.30586	-1.26624
-0.962023	-0.944937	-0.952332	-0.516021	-0.180704	-0.221791	0.469815	0.934392	-0.442635	0.711052	0.0793398	0.36252	0.716932	0.0109075	0.568676	0.499421	-0.0426045	-0.0583291	0.635776	0.0203482	-0.593501	1.53848	0.525336	-1.21043	-1.24448	-1.21242	-1.24448	-1.2236	-1.24346	-1.21242	-1.24346	-1.2018
-1.33872	-1.35171	-1.32339	-0.734275	-1.75093	2.95946	0.237277	1.36544	1.31939	-1.37823	2.11393	0.634302	0.470532	1.2801	0.875915	0.523781	1.9584	1.54321	-1.40406	0.0899886	2.34504	-0.129746	0.853175	-1.2992	-1.34947	-1.29602	-1.34947	-1.35812	-1.34391	-1.29602	-1.34391	-1.28057
-1.55814	-1.56041	-1.5348	-0.722793	-1.44935	0.515931	0.210591	0.288753	-0.274056	-0.463859	-0.207741	0.263494	0.541593	0.964561	0.561165	-0.0233609	0.23819	0.12409	-0.0966494	0.253689	0.350162	-0.0540321	0.368587	-1.21414	-1.28021	-1.20921	-1.28021	-1.27572	-1.27263	-1.20921	-1.27263	-1.19142
-0.792375	-0.701558	-0.760666	-0.376308	-0.923524	0.310372	1.2911	7.60326	0.050756	-0.845107	4.54415	0.526964	0.418487	2.02454	1.08238	4.01021	6.42923	-0.092715	-0.984568	0.974234	0.29161	0.0762753	0.627618	-1.30295	-1.29218	-1.30001	-1.29218	-1.3041	-1.29026	-1.30001	-1.29026	-1.28482
-1.00379	-0.970229	-1.00156	-0.619424	-1.12868	1.06357	0.0823843	1.69588	1.40604	-0.757337	0.828244	0.47414	0.189488	0.979851	0.363302	1.21693	0.861935	0.74153	-0.507479	0.420312	2.25826	0.134187	0.468946	-1.07627	-1.1148	-1.07759	-1.1148	-1.13091	-1.11089	-1.07759	-1.11089	-1.06619
-1.33876	-1.47567	-1.44881	-1.1814	-1.1806	1.8976	0.230101	0.969603	0.0921444	-1.17148	0.573418	0.736783	0.772085	1.09415	0.889999	0.160639	0.744189	2.13039	-0.90986	0.389828	1.01724	0.508194	0.78692	-1.34891	-1.43985	-1.37059	-1.43985	-1.45544	-1.4545	-1.37059	-1.4545	-1.38788
-1.1672	-1.22925	-1.22324	-1.14348	0.478541	0.582496	0.475304	0.665684	1.12084	-0.131844	-0.43915	0.385081	0.0701408	0.310881	0.535894	0.850792	0.137853	0.324952	0.284868	0.289798	0.59859	0.278594	0.266147	-1.34792	-1.40031	-1.3491	-1.40031	-1.39579	-1.39942	-1.3491	-1.39942	-1.34118
0.359237	0.227933	0.0712922	-0.604436	0.898053	-0.924937	-0.0984009	-1.3641	0.909421	1.51659	-1.20803	-0.611621	-0.66968	-1.37558	-0.875828	-0.701937	-0.887241	-0.248745	0.717943	-0.660318	-0.562691	-0.685456	-0.526771	1.73015	1.60367	1.52964	1.60367	1.60718	1.45332	1.52964	1.45332	1.29534
1.09966	1.30966	1.37624	2.18311	0.0670187	-0.0389566	-1.26645	-0.464952	-2.13762	0.533462	-1.65325	-0.241928	-0.891408	-0.996318	-0.268664	-1.34714	-0.610878	-1.56034	-0.0604374	-1.43774	-1.5433	-1.1568	0.189364	1.86597	2.19676	2.18385	2.19676	2.28546	2.31846	2.18385	2.31846	2.42608
1.16335	1.3367	1.39832	1.80549	-0.0433739	0.33678	-0.881032	-0.196086	-1.18274	0.154263	-0.701782	-0.166975	-0.859435	-0.126545	-0.0780374	-1.21808	0.318546	-0.693075	-0.375348	-0.903495	-0.138816	-0.992014	0.0570113	0.0971465	0.336651	0.281081	0.336651	0.312819	0.336356	0.281081	0.336356	0.387079
1.12583	1.27425	1.3639	1.9243	1.37883	-0.0316508	-0.494859	-0.298061	-0.311169	0.242079	-0.755808	0.108082	-0.728809	-0.103937	-0.0350858	-0.92436	-0.209648	-0.601457	-0.255851	-0.449037	0.607234	-0.760547	0.0541434	0.244682	0.499416	0.416636	0.499416	0.4335	0.465667	0.416636	0.465667	0.499476
1.11095	1.26979	1.32862	1.59428	1.08646	-0.284846	-0.859703	-0.447267	-1.35253	-0.117146	-0.764455	-0.00109169	-0.725453	-0.719555	0.0885696	-1.08971	-0.614597	-1.06105	-0.421348	-0.21601	-0.981477	-0.442199	-0.171193	1.32536	1.64362	1.55446	1.64362	1.65338	1.66934	1.55446	1.66934	1.70422
0.960678	1.18638	1.16107	2.03117	1.009	-1.14137	-0.0064374	-0.459444	-0.0799432	0.12487	-0.536183	-0.397269	-1.27446	-0.277378	-0.536825	-1.14181	-0.242685	-1.01603	-0.410397	-0.926217	0.680912	-1.32888	-0.263327	1.4654	1.81225	1.73518	1.81225	1.85575	1.86796	1.73518	1.86796	1.91897
1.06027	1.29186	1.28188	1.97087	0.933715	-0.252512	-0.311924	-0.523034	-1.42768	0.235253	-0.749647	0.0664848	-0.846447	-0.300642	-0.162925	-0.79079	-0.177719	-1.19859	-0.367676	-1.03105	-0.284499	-1.00546	0.259149	0.319048	0.569283	0.499219	0.569283	0.558375	0.571506	0.499219	0.571506	0.60576
0.710786	0.907773	0.804966	-0.0427844	0.981961	-1.04098	-0.56622	-1.20833	-0.115684	-0.14249	-0.244549	-0.813093	-0.802325	-0.834017	-0.998701	-0.707377	-0.202843	-0.451831	-0.156786	-0.54492	-0.760024	-0.248856	-0.772532	0.5601	0.680157	0.599788	0.680157	0.75109	0.693982	0.599788	0.693982	0.644427
1.16262	1.2618	1.3775	1.99499	1.11274	0.411283	-0.17793	0.123876	-0.625171	0.0917915	-0.348009	0.103728	-0.325124	0.453466	0.17557	-0.204641	0.147783	-0.449197	-0.417897	-0.331471	0.660487	-0.67811	0.400579	-0.33199	-0.204868	-0.250735	-0.204868	-0.263545	-0.232862	-0.250735	-0.232862	-0.209006
1.06341	1.27481	1.28441	1.41906	0.403358	0.172355	-0.749618	-0.177341	-0.17458	-0.204144	0.0996189	-0.356175	-0.919652	-0.0603039	-0.304967	0.298988	-0.289134	-0.534957	-0.860198	-0.359567	0.532092	-1.08778	-0.024216	0.328538	0.603155	0.511135	0.603155	0.56216	0.58119	0.511135	0.58119	0.607627
0.592727	0.669894	0.727747	0.343036	1.23342	-0.890937	-0.992936	-1.47339	-0.764866	1.27221	-1.05222	-1.1785	-0.576185	-1.04656	-0.744154	-0.997634	-0.987421	-0.479404	1.04807	-0.445863	-1.90283	-0.545847	-0.602135	0.741548	0.792915	0.830851	0.792915	0.885312	0.866028	0.830851	0.866028	0.933259
0.76488	0.89675	0.906355	1.08856	2.44175	-0.129684	0.297693	-0.724075	0.300054	0.202312	-0.50412	0.620808	0.654509	-1.1851	0.0333335	-0.825095	-0.774045	-0.0348461	-0.27374	-0.580306	0.403069	2.04371	-0.11928	0.422635	0.64686	0.513602	0.64686	0.650129	0.621502	0.513602	0.621502	0.567092
0.991592	1.08396	1.18236	1.34058	1.53443	-0.465494	-1.35874	-0.333854	-1.13583	-0.360847	-1.20451	-0.590752	-0.816245	-0.813102	-0.626876	-1.34287	-0.16399	-0.958484	-0.645902	-0.741177	-0.734583	-0.965058	-0.413393	1.11807	1.18856	1.21334	1.18856	1.20353	1.22771	1.21334	1.22771	1.30408
0.710172	0.812877	0.806838	0.401828	0.819363	-1.12693	-0.0823961	-0.801114	-0.486726	0.0654468	-0.772528	-0.456929	0.543333	-1.30049	-0.429991	-0.814411	-0.540294	-0.3931	0.0128064	-0.428893	-1.35154	-0.192041	-0.347327	1.52886	1.65128	1.58357	1.65128	1.73183	1.69178	1.58357	1.69178	1.65363
0.61269	0.64955	0.672458	-0.0369954	2.08266	-0.33996	-0.648131	-0.340314	-0.0810721	0.077095	-0.116179	-0.469955	-0.236818	-0.366938	-0.421149	0.190787	-0.174119	-0.317652	-0.087854	-0.0561124	-0.08598	-0.0801879	-0.383229	0.844596	0.919047	0.863479	0.919047	0.963029	0.943747	0.863479	0.943747	0.898694
0.533206	0.62841	0.645724	0.396329	1.88829	-0.689635	-0.396381	-0.971446	-0.713191	0.440597	-0.213365	-0.668116	0.183584	-0.832871	-0.353944	-0.617863	-0.629514	-0.514199	0.0891953	-0.202057	-1.13329	-0.237481	-0.169145	0.146236	0.220798	0.197899	0.220798	0.295644	0.256911	0.197899	0.256911	0.260582
0.907959	0.97848	1.06077	0.81698	2.25028	-0.920738	0.220247	-1.25365	3.08726	0.110537	2.14534	-0.495647	-0.284824	-0.908833	-0.878919	-0.2358	-0.345476	0.125589	-0.288139	-0.254162	-0.551748	-0.248027	-0.663347	1.41418	1.47933	1.49877	1.47933	1.54577	1.54793	1.49877	1.54793	1.59702
0.494386	0.637114	0.621824	0.127548	1.73172	-1.00663	-0.00227063	-1.14548	-0.438802	0.482229	-0.55979	-0.864837	0.214904	-1.21164	-0.261506	-0.609977	-0.933414	-0.463006	0.224128	-0.742874	-1.94326	0.15424	-0.070014	0.86456	0.987	0.945346	0.987	1.10003	1.04997	0.945346	1.04997	1.03952
1.08581	1.14413	1.24275	1.78336	0.834733	-0.610069	-0.558349	-0.303885	2.68306	-0.0537647	-0.325589	-0.313211	-0.0529966	-0.587836	-0.320183	-0.946933	-0.0074309	-0.42317	-0.3647	-0.525498	0.449911	-0.549313	-0.257874	1.13156	1.16702	1.16323	1.16702	1.154	1.18742	1.16323	1.18742	1.21117
0.96468	1.07673	1.16235	1.47364	0.283619	-1.25074	-0.157263	-0.0623402	0.115905	-0.263931	-0.889572	-0.510508	-1.20505	-0.868312	-1.0555	0.505327	-0.658198	-0.370069	-0.468422	-0.629268	0.414779	-1.04726	-0.556242	2.33719	2.42198	2.41885	2.42198	2.45331	2.46002	2.41885	2.46002	2.50938
1.22363	1.27293	1.42436	2.08183	0.751645	-0.553746	-0.261957	-0.442448	-0.831425	-0.0217776	-0.756229	0.112003	-0.523891	-0.603618	0.0774603	-1.01733	0.0266744	-1.12401	-0.453291	-1.03347	-0.502466	-0.741678	0.0725503	0.889528	0.864178	0.914271	0.864178	0.839994	0.886885	0.914271	0.886885	0.955939
0.962716	1.0548	1.14397	1.25995	1.8781	-0.948814	-0.686754	-1.24603	-0.960552	-0.247096	-0.39687	-0.770776	-0.546728	-0.976987	-0.490821	-1.07421	-0.788882	-1.14154	-0.524939	-0.332382	-1.31341	-1.0193	-0.49711	0.92058	0.967818	0.984631	0.967818	1.01276	1.00042	0.984631	1.00042	1.05216
0.64326	0.711333	0.79139	0.756547	2.41548	-0.670189	0.650269	-0.644655	0.220101	0.237072	-0.199668	-0.48255	-0.0593972	-0.584395	-0.381601	-0.191005	-0.681264	-0.354626	-0.145234	-0.195741	-0.400557	-0.329784	-0.14333	0.308008	0.376638	0.365837	0.376638	0.426404	0.412512	0.365837	0.412512	0.432663
1.12529	1.2906	1.367	2.08608	0.673351	-0.322355	-1.11998	-0.881117	-1.94491	0.131422	-1.31233	-0.277228	-1.01967	-1.02854	-0.339586	-1.15005	-0.715093	-1.41349	-0.387248	-1.50581	-1.67023	-0.869645	-0.0343969	1.59043	1.90192	1.887	1.90192	2.00498	2.02942	1.887	2.02942	2.12309
0.266445	0.485979	0.514054	0.405945	1.42315	-1.54622	0.266146	-0.581065	-0.24485	0.812335	0.859886	-0.59784	0.522422	-1.48388	0.216919	-0.22834	-1.25164	-0.411178	0.96151	-0.251333	-2.34762	0.177464	0.301606	1.42667	1.75188	1.6763	1.75188	1.94292	1.89081	1.6763	1.89081	1.9007
0.352853	0.50798	0.553944	0.392984	2.41253	-0.293993	0.386085	-1.13759	0.306427	0.641298	0.0903596	-0.841231	0.514499	-0.227465	-0.527436	-0.683133	-0.363082	0.0260212	0.351514	-0.123491	-0.771666	-0.349542	-0.337966	0.643867	0.896752	0.784276	0.896752	1.00745	0.935565	0.784276	0.935565	0.897624
0.681271	0.805301	0.786462	0.359695	0.72147	-1.35343	-0.268538	-0.837171	-0.308062	0.227838	-0.954196	-0.648145	0.403511	-1.38651	-0.512923	-0.77117	-0.814837	-0.436934	0.118336	-0.567044	-1.81814	-0.38254	-0.19808	2.13941	2.31671	2.22139	2.31671	2.4584	2.38088	2.22139	2.38088	2.31945
0.458634	0.562828	0.566091	0.118124	1.4057	-1.21397	-0.572437	-1.0451	-0.897139	0.660044	-0.698031	-0.638969	-0.335098	-1.0524	-0.398461	-0.907305	-0.912681	-0.506067	0.21598	0.103471	-1.21387	-0.772159	-0.255541	1.70749	1.84032	1.78995	1.84032	1.97961	1.90864	1.78995	1.90864	1.88798
0.474742	0.561259	0.593933	0.45361	2.67266	-0.514798	-0.607027	-1.40816	-0.943287	0.63461	-0.482769	-0.986136	-0.241106	-0.657736	-0.459055	-0.910723	-0.884867	0.185912	0.377294	0.134143	-1.7055	-0.759511	-0.250372	0.523689	0.582664	0.584854	0.582664	0.658413	0.624716	0.584854	0.624716	0.655733
0.790097	0.84822	0.869914	0.27141	2.05488	-0.352502	-0.73563	-0.701203	0.0488205	-0.0313335	-0.369131	-0.452539	-0.443383	-0.668877	-0.719509	-0.0202139	-0.198847	0.129995	-0.315083	-0.21777	0.853919	-0.191034	-0.503099	0.832798	0.916458	0.855896	0.916458	0.97249	0.940861	0.855896	0.940861	0.894742
0.668576	0.701217	0.685171	0.539194	2.00137	-0.78134	-0.265727	-0.5278	0.529303	0.294177	0.0481948	-0.593414	-0.0672591	-0.857336	-0.781787	0.150381	-0.264287	0.210259	0.228352	-0.151335	-0.362429	0.0572579	-0.523177	0.628621	0.662953	0.638923	0.662953	0.706177	0.682598	0.638923	0.682598	0.653429
1.03803	1.09593	1.19197	1.02771	1.71041	-0.89272	1.42685	-1.31899	3.80591	-0.0572225	2.00809	-0.486184	-0.130117	-0.61585	-0.851183	-0.365991	-0.469591	-0.0279868	-0.41876	-0.355669	-1.04337	0.0115806	-0.43697	2.07216	2.12305	2.13716	2.12305	2.15915	2.17389	2.13716	2.17389	2.21705
1.10702	1.16226	1.28693	1.37361	1.12978	-0.625315	-0.886257	-1.62121	-0.865109	0.0230387	-1.01006	-0.92205	-1.07672	-0.986652	-1.11817	-1.2288	-0.600513	0.0848444	-0.592533	-1.23244	0.263381	-1.31075	-0.443905	1.95145	1.92628	2.00894	1.92628	1.95791	1.97776	2.00894	1.97776	2.08416
0.506491	0.649241	0.635573	0.137904	1.73353	-0.948814	-0.0126215	-1.16063	-0.564459	0.466895	-0.571192	-0.885239	0.205148	-1.28231	-0.229272	-0.619533	-0.976263	-0.532459	0.209556	-0.765816	-1.98404	0.609828	-0.0797853	0.981386	1.10641	1.06415	1.10641	1.22209	1.17103	1.06415	1.17103	1.16047
1.08372	1.14545	1.2448	1.7522	1.0795	-0.800785	-0.67991	-0.576565	0.0872635	0.0138042	-0.494783	-0.419615	0.0392861	-0.806275	-0.364153	-1.04484	-0.309511	-0.396778	-0.336896	-0.555448	-0.727752	-0.530088	-0.301749	1.00291	1.02123	1.03435	1.02123	1.03637	1.04496	1.03435	1.04496	1.08237
1.22238	1.27258	1.42261	2.07463	0.734027	-0.525154	-0.0893401	-0.556975	-0.810732	-0.0269196	-0.835278	0.130103	-0.815127	-0.185361	0.164577	-1.00055	-0.18488	-1.10116	-0.465103	-0.722541	-0.549795	-0.67805	-0.118208	0.985823	0.961023	1.00978	0.961023	0.936646	0.983133	1.00978	0.983133	1.05084
1.03525	1.1005	1.19766	1.26185	1.22848	-1.08487	-1.0555	-0.996807	-1.33038	-0.349608	-0.961772	-0.720111	-0.785422	-1.15338	-0.675735	-0.719964	-0.799446	-1.32696	-0.631676	-0.809938	-1.28581	-1.20411	-0.458971	1.41634	1.40853	1.45169	1.40853	1.45151	1.44185	1.45169	1.44185	1.50518
1.22037	1.31927	1.45346	2.12387	0.168588	0.700665	-0.597966	-0.377853	-0.545299	0.342679	-0.615768	0.204553	-0.637085	-0.165537	-0.0614907	-0.988193	-0.182704	-0.344133	-0.150923	-0.647935	0.893511	-0.696386	0.199167	0.20074	0.344107	0.302447	0.344107	0.2592	0.304009	0.302447	0.304009	0.350851
0.820348	0.868233	0.964084	0.944022	2.24938	-0.778751	-0.37816	-0.657414	0.410906	0.0922905	0.132677	-0.493453	-0.0216455	-0.554414	-0.472122	-0.387981	-0.638258	-0.300437	-0.314004	-0.0556722	-0.404392	-0.469274	-0.248197	0.743788	0.815858	0.795225	0.815858	0.865275	0.847228	0.795225	0.847228	0.857533
0.105637	0.313993	0.346287	0.218342	1.58134	-1.60944	-0.272308	-0.734824	-0.447919	0.960711	0.121352	-0.558402	0.124641	-1.57169	-0.622455	-0.181758	-1.20467	-0.601183	0.856669	-0.381187	-2.04399	-0.305672	-0.0329155	0.872261	1.07227	1.05797	1.07227	1.22088	1.18398	1.05797	1.18398	1.23079
0.464969	0.622336	0.673887	0.604451	2.84082	-0.257864	0.576526	-1.00253	0.189484	0.445601	0.27616	-0.711583	0.512044	-0.135065	-0.381679	-0.613667	-0.316712	0.369558	0.224516	0.0893601	-0.896717	-0.186976	-0.322584	0.653487	0.947562	0.812932	0.947562	1.03063	0.973183	0.812932	0.973183	0.930363
1.00286	1.08988	1.18381	1.24535	1.3685	1.32373	-1.28212	-0.52044	-0.688181	-0.364305	-1.35342	0.446217	-0.522585	-0.666747	-0.210651	-1.56933	-0.300213	-0.201959	-0.6331	-0.802365	0.739394	-0.231735	-0.232027	0.463566	0.520092	0.519556	0.520092	0.499436	0.524025	0.519556	0.524025	0.572585
1.79696	1.34218	1.77025	2.26615	0.833871	1.11811	-1.21492	0.753789	0.853874	-0.769622	-1.22123	-0.444983	-1.36721	-0.9659	-0.317993	0.110093	-0.0786871	-0.0365261	-1.38816	-1.28803	3.41473	-1.12946	-0.641283	2.04521	1.63355	2.01119	1.63355	1.42014	1.61423	2.01119	1.61423	1.99642
1.66056	1.29751	1.56515	1.88992	0.0370838	-0.954222	-0.912083	-1.40307	-0.960633	-0.43028	-1.53681	-1.01906	-0.478122	-0.895507	-0.405111	-1.50612	-0.854085	-0.744358	-0.804587	-1.23017	-2.09125	-0.929778	-0.196157	3.05877	2.65713	2.96445	2.65713	2.46692	2.59296	2.96445	2.59296	2.88414
1.62716	1.27001	1.49372	1.08711	0.215844	-0.696194	-0.929675	-0.775117	-0.58592	-0.548536	-0.735414	-0.522635	-0.594393	-0.428157	-0.223951	-1.65173	-0.0753643	-1.05101	-0.838385	-0.19816	-0.52282	-0.838513	-0.278866	1.75558	1.45716	1.68227	1.45716	1.32328	1.41243	1.68227	1.41243	1.61163
1.51952	1.19752	1.45203	0.881884	0.44879	0.114651	-1.08053	-0.426776	-0.992944	-0.540255	-0.469684	-0.11937	-0.759197	-0.777769	-0.397717	-0.911579	-0.291904	-0.92746	-0.601112	-0.201774	-0.135051	-0.3701	-0.451974	1.45203	1.16766	1.39449	1.16766	1.03017	1.13459	1.39449	1.13459	1.34851
1.82318	1.35143	1.6641	2.71019	-0.311897	-0.962793	-1.44475	-0.868462	-1.90353	-0.0154993	-1.73455	-0.34369	-1.4828	-0.627973	-0.494654	-1.73689	-0.619029	-2.10056	-0.650128	-1.28306	-0.959451	-1.3936	-0.405734	2.54292	2.0793	2.43818	2.0793	1.83312	1.99639	2.43818	1.99639	2.32438
0.950734	0.888224	0.927791	0.378253	0.397589	-0.0561005	0.673748	-0.750813	2.84006	0.377396	0.281784	-0.75444	-0.163301	-0.232271	0.362832	0.0885309	-0.533133	1.28016	0.744628	0.233325	-0.514037	-0.64197	-0.381621	0.643819	0.597632	0.631218	0.597632	0.579144	0.602511	0.631218	0.602511	0.62938
1.17698	0.968805	1.03396	0.331521	0.237564	-1.34934	-0.731893	-1.19933	-0.978099	0.133652	-0.484606	-0.843031	-0.886717	-1.18751	-0.737112	-0.919542	-0.820692	-1.36738	0.893526	-0.275877	-1.48307	-0.854242	-0.590315	2.33937	2.06344	2.19658	2.06344	1.95278	1.96271	2.19658	1.96271	2.05824
1.69439	1.28625	1.59289	1.5617	0.529163	-0.472914	-0.73272	-0.59176	-1.33769	-0.661331	-0.776354	-0.365604	-0.571617	-0.679744	-0.339	-0.965853	-0.39782	-0.843517	-1.01949	-0.687816	-0.808749	-0.907236	-0.123283	0.86017	0.608442	0.809287	0.608442	0.502171	0.573187	0.809287	0.573187	0.771598
0.35219	0.480059	0.365309	-0.189606	-0.855944	-1.16893	0.56363	-0.690559	-1.15467	0.429814	-1.29331	-0.35891	-0.0101797	-0.898074	-0.235335	-0.217539	-0.933374	-0.498845	0.270125	-0.425876	-1.56358	-0.00820656	-0.12341	0.544759	0.580638	0.528386	0.580638	0.627208	0.574689	0.528386	0.574689	0.525542
1.29163	1.15921	1.17935	0.23526	-0.870584	-1.42546	0.555396	-1.28812	-0.87225	1.44893	-1.11054	-0.750121	-1.12038	-1.08293	-0.583219	-0.609937	-0.915847	-1.15698	1.05989	-0.881497	-1.7018	0.138571	-0.63293	2.86653	2.73689	2.76748	2.73689	2.73416	2.68269	2.76748	2.68269	2.67569
1.46832	1.18649	1.36866	1.06299	0.53144	-1.12417	-0.48841	-0.807785	-0.927393	-0.589942	-0.942144	-0.796468	-0.543248	-0.940615	-0.540462	-0.834264	-0.843206	-1.39173	-0.726431	-0.680053	-1.09865	-0.733058	-0.469908	1.25434	1.04884	1.18225	1.04884	0.971983	1.00661	1.18225	1.00661	1.11909
1.58473	1.25934	1.50804	0.894845	0.0979717	-1.25189	-0.556035	-1.33901	-1.39295	-0.780952	-0.51686	-0.674485	-0.411441	-0.967593	-0.832485	-1.2093	-0.607674	-0.383969	-0.911972	-0.550357	-1.48572	-0.927615	-0.475172	2.17245	1.87901	2.05184	1.87901	1.7605	1.78561	2.05184	1.78561	1.94529
0.999475	0.928006	0.942944	1.60908	0.532868	-0.631068	-0.0731037	-1.18858	2.20847	0.431406	-0.935333	-0.665093	0.0289703	-0.619618	-0.537371	-0.898563	-0.619899	-0.400731	0.683843	-0.298411	-0.695129	-0.2509	-0.289582	0.814944	0.709142	0.748752	0.709142	0.665804	0.670145	0.748752	0.670145	0.695858
1.38859	1.16783	1.18901	1.18492	0.928016	-0.410665	-0.230774	-0.637983	-0.398907	-0.643267	-0.723667	-0.0562542	-0.413834	-0.902989	-0.323196	-0.660988	-0.301598	-0.400141	-0.737768	-0.612549	-0.333014	-0.0424197	-0.33743	0.791553	0.668309	0.689729	0.668309	0.64504	0.607498	0.689729	0.607498	0.562833
1.32649	1.1064	1.25162	0.726475	1.80481	-0.488851	-1.03252	-1.0928	-0.715813	-0.144766	-0.690302	-0.783802	-0.869503	-0.333135	-0.716185	-1.0366	-0.388918	-0.425487	-0.562055	-0.109192	-0.695478	-0.622835	-0.602986	0.346706	0.24195	0.309288	0.24195	0.217292	0.221784	0.309288	0.221784	0.281695
1.25028	1.07304	0.838672	-0.332278	0.050008	-1.60927	-0.606828	-1.02863	-1.25245	0.704998	-0.705722	0.00592494	0.0363654	-0.975948	-1.07623	-0.737835	-0.308957	-1.24079	0.460194	-0.604536	-1.17135	3.82178	-0.207568	0.337052	0.230991	0.191011	0.230991	0.214384	0.139553	0.191011	0.139553	0.000351862
1.51952	1.22095	1.47731	1.20376	1.18111	-0.265113	-0.696774	-0.699137	-0.558691	-0.114053	0.157279	-0.31663	-0.77812	-0.725288	-0.498723	-0.656792	0.186993	-0.494075	-0.615166	-0.932973	-0.286659	-0.851902	-0.183739	1.4377	1.20366	1.38128	1.20366	1.08329	1.16048	1.38128	1.16048	1.32956
1.61751	1.34755	1.66528	2.48746	-0.317086	0.187774	-1.05114	-0.1155	-0.824246	0.378763	-0.837688	-0.109654	-0.959021	0.0596203	-0.250904	-1.13284	0.54846	-1.12142	-0.289604	-0.917951	0.946069	-1.02913	0.00919549	0.313804	0.182949	0.375614	0.182949	0.106344	0.206038	0.375614	0.206038	0.415129
1.69631	1.34569	1.69108	1.54002	-0.161119	-0.0413724	-1.3724	-0.741019	-1.57827	-0.277354	-1.09493	-0.185147	-1.25958	-0.0149779	-0.296869	-1.68969	0.0140529	-1.53291	-0.728241	-0.802836	-0.473678	-1.06518	-0.365987	2.27236	1.85078	2.25362	1.85078	1.63414	1.84549	2.25362	1.84549	2.2536
1.58189	1.31318	1.53268	0.934856	0.51648	-0.474065	-1.8045	-0.890543	-0.623356	-0.249234	-1.16655	-0.316378	-0.299023	1.91767	-1.06778	-1.68608	0.194431	-1.03489	-0.769669	0.0872238	-0.731585	-0.497918	0.744053	1.26815	1.03767	1.17907	1.03767	0.950856	0.975606	1.17907	0.975606	1.09814
1.30741	1.00861	1.05089	0.161929	0.891096	-0.939032	-0.535599	-1.29977	-0.310321	0.257459	-0.434405	-0.984913	-0.385186	-1.19979	-0.786207	-0.371391	-0.618395	-1.07004	0.432086	-0.619809	-0.98573	-0.849443	-0.624829	2.00736	1.71525	1.81968	1.71525	1.59592	1.57012	1.81968	1.57012	1.60537
1.35151	1.07353	1.22109	0.5848	0.908574	-1.61652	-0.604745	-1.38036	-0.481562	0.244126	0.0882546	-0.739938	0.324899	-1.3805	-0.575552	-1.15393	-0.725182	-1.42816	0.237448	1.70867	-1.39803	-0.802581	-0.739468	2.23411	1.94195	2.11335	1.94195	1.82699	1.85523	2.11335	1.85523	1.99583
1.65425	1.35168	1.68233	2.43529	-0.15552	-0.502083	-1.88982	0.746535	-0.926788	0.644119	-1.04813	0.478926	-0.110853	-0.290047	-0.852514	-1.32457	0.248555	-2.02302	0.425446	-0.847996	2.53297	-1.05179	0.495486	2.18045	1.8279	2.24536	1.8279	1.63017	1.85631	2.24536	1.85631	2.28559
1.26714	1.02566	1.17916	0.585218	1.44921	-0.947778	-0.517014	-1.11917	-0.420166	-0.0653681	-0.333584	-0.68089	-0.68273	-1.11444	-0.881735	-0.246406	-0.529651	-0.89489	-0.213043	-0.130876	-0.899226	-0.214494	-0.646357	1.99145	1.77913	1.92751	1.77913	1.71932	1.74384	1.92751	1.74384	1.86983
0.539001	0.330847	0.327217	-0.0728561	1.35519	-0.526304	-0.051377	-0.185072	0.672951	-0.309705	0.0997717	0.500193	0.612127	0.138859	-0.53346	0.0907841	0.209861	-0.0370716	-0.63866	0.210447	1.15421	0.831549	0.286887	-0.743506	-0.818775	-0.788227	-0.818775	-0.842233	-0.839957	-0.788227	-0.839957	-0.853694
1.03852	0.774508	0.800703	-0.0398575	1.83607	-0.802109	-0.509409	-0.665886	-0.665349	0.92208	-0.309709	-0.647317	-0.920491	-0.851493	-0.714268	-0.318203	-0.514497	-0.0328467	0.758984	-0.0105131	-0.646964	-0.413051	-0.66653	0.895229	0.656102	0.764163	0.656102	0.539002	0.557304	0.764163	0.557304	0.617072
1.59679	1.34953	1.62559	1.08843	-0.243599	-0.988739	-1.42213	-0.451662	-1.17621	-0.928555	-1.02001	0.234887	-1.55678	-0.62284	-0.532208	-1.2882	-0.0491321	-2.10992	-1.163	-1.12483	0.330924	-0.490305	-0.691589	2.47965	2.27231	2.52483	2.27231	2.18105	2.3192	2.52483	2.3192	2.58812
1.54007	1.34271	1.61344	2.27024	-0.205817	-0.61214	-1.75913	-0.113382	-1.37948	0.269516	-1.58916	-0.421234	-1.62477	-0.196664	-0.891437	-1.2145	-0.413053	-1.67944	-0.469198	-1.18244	0.0930908	-1.36202	-0.606643	1.86027	1.71967	1.89115	1.71967	1.67249	1.75209	1.89115	1.75209	1.93658
0.738901	0.60948	0.516863	-0.176548	0.477255	-1.25499	-0.459476	-0.727835	-0.753611	1.68585	-0.221974	-0.58431	-0.529577	-1.28444	-0.644323	-0.526602	-0.603321	-0.325055	1.11752	-0.297279	-1.25123	-0.481301	-0.523177	1.24512	1.16298	1.1547	1.16298	1.17706	1.11451	1.1547	1.11451	1.0439
1.50572	1.33487	1.57577	2.10705	0.942128	0.170342	-1.2386	-0.943754	-1.61296	-0.19477	-0.913983	0.811017	-0.536412	0.469795	-0.359811	-1.50631	0.254214	-1.35044	-0.754323	-0.890422	-0.871205	0.086643	0.850244	1.2431	1.15548	1.2313	1.15548	1.09593	1.15531	1.2313	1.15531	1.23822
1.28144	1.11643	1.21646	0.577403	1.31578	-0.782721	-0.851964	-0.466275	-0.673941	-0.41208	-1.06313	-0.607195	-0.746955	-0.63076	-0.617253	-0.371351	-0.40146	-1.02675	-0.71561	-0.728513	-0.536969	-0.621235	-0.436308	0.439007	0.356716	0.404352	0.356716	0.339381	0.343957	0.404352	0.343957	0.378601
1.53017	1.32007	1.57855	1.99271	0.396288	-0.547129	-1.68364	-0.256551	-1.25475	-0.234538	-1.32239	0.567085	-0.181479	0.47187	-0.962282	-1.32981	-0.215662	-1.45728	-0.806183	-0.487001	0.307433	-0.634595	0.518969	2.00072	1.84024	1.99528	1.84024	1.74234	1.8427	1.99528	1.8427	2.00712
1.58687	1.34839	1.63601	1.96556	-0.154742	-0.476597	-1.48962	-0.0461914	-1.55011	0.458342	-1.48248	-0.166399	-1.26641	-0.601488	-0.242337	-1.66654	-0.0440288	-1.80676	-0.0444859	-1.19554	-0.675334	-0.811586	-0.437443	1.28617	1.16734	1.27842	1.16734	1.12514	1.16489	1.27842	1.16489	1.28689
1.60909	1.34452	1.63044	2.57018	-0.44678	-0.364468	-1.52659	-0.761827	-1.60513	0.652946	-1.77959	-0.765271	-1.4659	0.378541	-0.505099	-1.83616	-0.31501	-1.52968	0.0588469	-1.10937	-0.460433	-1.59539	-0.378848	2.59267	2.42743	2.57774	2.42743	2.36283	2.42634	2.57774	2.42634	2.58274
1.54171	1.3496	1.61431	2.43407	-0.529557	-0.386675	-1.43083	0.6408	-1.58444	0.0412392	-1.5445	0.341937	-1.28468	0.521237	-0.108473	-1.04814	-0.176256	-2.1448	-0.589343	-0.964714	0.526585	-0.998709	-0.174345	1.23004	1.15304	1.23331	1.15304	1.11462	1.16371	1.23331	1.16371	1.25482
1.34727	1.13215	1.30442	1.06071	1.96461	-1.12261	-1.17236	-1.27579	-1.05942	0.303685	-1.29966	-0.556099	-0.628105	0.03013	-0.852788	-1.25561	-0.607318	-1.20677	-0.0721184	-0.541683	-1.34136	-0.549224	-0.193636	1.36669	1.20971	1.3014	1.20971	1.15098	1.16641	1.3014	1.16641	1.24725
1.52907	1.34847	1.60438	1.92028	0.0406048	-0.706376	-1.48483	-0.00610983	-1.79114	0.468854	-1.65041	0.0131936	-1.40366	-0.626172	-0.634426	-1.43727	-0.173565	-1.80631	-0.0530218	-1.44365	-1.02888	-0.98686	-0.399777	1.30431	1.19951	1.30264	1.19951	1.17302	1.20532	1.30264	1.20532	1.31856
1.3125	1.15568	1.16354	0.458981	0.399597	-0.896115	-1.26062	-1.16444	-0.456995	-0.0394777	-1.26477	-0.951736	-1.263	-0.643811	-1.00007	-1.09476	-0.3833	-0.579835	0.0520788	-1.06302	-0.888141	-0.810135	-0.633435	1.13668	1.02297	1.06142	1.02297	1.00941	0.984344	1.06142	0.984344	0.988929
1.49511	1.34498	1.60157	1.62512	-0.10651	-0.264595	-1.23744	-0.786341	-1.58956	-0.331135	-1.42253	-0.484133	-1.19641	-0.0795263	-0.230797	-1.7928	-0.102981	-1.43838	-0.852827	-1.08932	-0.383411	-1.38883	-0.0914476	0.754486	0.665986	0.769225	0.665986	0.641671	0.682691	0.769225	0.682691	0.797719
1.5164	1.33164	1.60667	2.4625	0.540391	0.916175	-0.73272	0.32354	-0.844819	0.518994	-0.347551	0.069687	-0.600793	0.965762	0.307205	-0.842578	0.765356	-0.603001	-0.171055	-0.259819	0.573915	-0.770975	0.27264	-0.637959	-0.676718	-0.61197	-0.676718	-0.706414	-0.662547	-0.61197	-0.662547	-0.585654
1.33516	1.13847	1.32963	1.12101	1.5942	-0.79112	-1.29045	-0.888742	-0.739331	-0.161054	-0.254919	-0.484492	-0.957622	-0.734845	-0.828143	-0.769072	-0.36684	-0.932319	-0.518299	-0.515535	-0.434992	-0.713923	-0.518197	-0.015733	-0.12309	-0.0209946	-0.12309	-0.149862	-0.12486	-0.0209946	-0.12486	-0.0158198
0.858236	0.684672	0.761847	0.254814	1.7305	-0.863437	-0.410699	-1.35139	-0.228957	0.63825	-0.333508	-0.434296	0.226681	0.315794	-0.735783	-0.21956	-0.678693	-0.580788	0.560895	0.884041	-0.776196	-0.259343	0.136978	0.0924629	0.00644557	0.0302745	0.00644557	0.00254961	-0.0376534	0.0302745	-0.0376534	-0.0242292
1.27289	0.968629	1.19293	0.818235	1.95723	-0.575264	-0.292414	-0.578894	-1.22687	0.130557	-0.96005	-0.233149	-0.85204	-0.497947	-0.483427	-0.561063	-0.204544	-0.846243	-0.347932	-0.967165	-0.844785	-0.735309	-0.172076	0.500325	0.358828	0.516095	0.358828	0.298258	0.367503	0.516095	0.367503	0.509998
1.06147	0.81016	0.859935	0.136714	0.960299	-1.72543	0.322363	-0.567511	-0.752401	0.0551628	-1.12481	-0.336421	-0.595232	-1.46159	-0.504629	0.0587311	-0.869279	-1.20813	0.118768	-1.17235	-1.77416	0.264791	-0.29264	0.777721	0.594327	0.698988	0.594327	0.536302	0.541625	0.698988	0.541625	0.611055
1.49825	1.2961	1.5498	1.65877	1.44962	-1.4697	-2.0209	-1.20785	-1.31445	0.00570476	-1.368	-0.946518	-1.37802	-1.57557	-1.27066	-1.72252	-0.608465	-2.1731	-0.269775	-1.29749	-0.526026	-1.22404	-0.972937	2.66238	2.51813	2.747	2.51813	2.50501	2.58382	2.747	2.58382	2.83482
-0.326967	-0.524712	-0.679456	-1.51647	0.721753	-0.352214	-0.349225	-0.593296	-0.507017	0.702132	0.538524	-0.405005	-0.185518	-0.0721537	-0.316663	0.153878	0.0973375	-0.436297	0.517226	-0.145552	-0.700148	0.110726	-0.124859	-1.43323	-1.50048	-1.46141	-1.50048	-1.49588	-1.52033	-1.46141	-1.52033	-1.49703
1.28362	0.778065	1.27128	0.0864761	1.64558	-0.232953	-1.19092	-1.06797	-1.58678	0.436182	-1.39559	-0.922842	-1.25116	0.104399	-0.728233	-0.869852	-0.67711	-0.918147	0.232664	-0.740832	-0.684535	-1.62913	-0.265501	0.611955	0.406309	0.588622	0.406309	0.298575	0.392044	0.588622	0.392044	0.574146
1.26061	0.820542	1.15866	0.414339	1.99893	-0.296812	0.30391	-1.488	0.564559	0.126918	-0.524131	-0.979335	-0.965328	-0.252476	-0.749592	-0.611453	-0.403873	0.270989	-0.492995	-1.06412	-1.93455	-0.865439	-0.014192	2.33808	2.04576	2.29941	2.04576	1.68312	1.91367	2.29941	1.91367	2.21091
1.50535	1.3477	1.63079	1.81035	-0.0636651	-0.936443	-1.27964	-0.692571	-2.15125	0.155446	0.313351	-0.555595	-1.38411	0.271069	-0.0894999	-1.46214	-12.6261	-2.29974	-0.683408	-0.494323	-1.3698	-1.21945	-0.582308	2.87927	2.75022	2.87517	2.75022	2.69207	2.75821	2.87517	2.75821	2.89355
0.646207	0.384656	0.269833	-0.386922	0.529998	0.263312	-0.232262	-0.393366	0.302837	0.478408	0.192519	-0.420119	0.248121	-0.0458874	-0.140433	-0.0801226	0.109524	-0.388648	1.14684	0.0578395	0.59134	0.425994	-0.304492	0.137531	-0.000139742	0.0621534	-0.000139742	-0.0430908	-0.0408052	0.0621534	-0.0408052	-0.108379
0.974478	1.20209	0.963025	0.771117	0.243135	-0.105981	-0.395422	0.900029	-0.987378	-0.978878	-0.52788	0.581155	-0.54735	-0.58172	-0.242767	-0.0522668	-0.263536	0.276259	-1.32086	-0.713271	0.0943455	-0.447946	0.364804	0.183624	0.457656	0.184355	0.457656	0.419054	0.466835	0.184355	0.466835	0.199931
0.497823	0.749106	0.447258	0.537071	1.4683	0.271136	0.130433	-1.22766	0.381782	0.370117	-0.753588	-0.1904	0.0423318	-0.258648	0.0203077	-0.338833	-0.968349	-0.078907	0.263745	-0.151617	0.290496	1.71132	-0.259607	-0.57064	-0.451387	-0.586986	-0.451387	-0.37425	-0.454657	-0.586986	-0.454657	-0.589368
1.05561	1.25833	1.00996	1.58135	0.53588	1.10448	-0.780967	-0.225947	0.77747	-0.374724	-0.894317	0.157055	-0.651595	0.602661	0.133909	-0.967913	-0.0807447	-0.278632	-0.902446	-0.589137	2.09738	-0.26109	0.0890043	0.00896219	0.26918	-0.0114495	0.26918	0.196529	0.261479	-0.0114495	0.261479	-0.0164672
0.781012	1.03808	0.771186	0.218053	-0.031977	-0.96895	-0.791879	-0.45235	-0.836267	-0.375499	-0.39557	-0.370605	-0.776504	-0.913911	-0.592765	-0.644398	-0.553114	-1.19319	-0.696512	-0.597433	-0.545543	-0.800745	-0.337083	1.16858	1.45522	1.16362	1.45522	1.55791	1.46224	1.16362	1.46224	1.17605
0.391968	0.415471	0.243641	0.00799986	-0.110554	-1.24654	0.325934	1.2292	3.1289	1.21383	-0.118782	0.444526	-0.652248	-1.33626	-0.60184	1.56558	-0.0200523	-0.152583	0.519899	-0.0541325	0.617689	0.905545	-0.75176	0.771228	0.802539	0.674713	0.802539	0.844287	0.76554	0.674713	0.76554	0.568878
0.932956	1.01817	0.707691	1.08332	0.0716144	-1.48368	-0.955965	0.0913129	0.984775	-0.203643	-0.481086	-0.104616	-0.514383	-1.23376	-1.01282	-0.938735	0.137021	-0.499253	-0.358536	-0.411986	-0.297881	0.717919	-0.705647	1.08604	1.15513	0.968967	1.15513	1.22999	1.11174	0.968967	1.11174	0.839862
0.583224	0.456512	0.432425	-0.038925	1.27745	-0.256022	1.75409	0.95753	-0.109592	1.27344	-0.159033	-0.462255	0.655845	-0.91271	0.81626	2.51432	-0.313151	0.674758	1.36096	-0.16774	-0.381389	-0.392612	-0.410116	0.309728	0.260872	0.239446	0.260872	0.281832	0.233261	0.239446	0.233261	0.161011
0.675157	0.680342	0.525141	0.398998	0.900429	-0.901293	-0.0491615	0.26318	-0.156426	-0.0968996	0.291465	0.15889	0.756766	-0.838331	-0.0404439	0.884903	-0.363358	-0.576746	-0.160751	-0.136501	-0.877198	0.0638339	-0.0207488	0.142256	0.148874	0.105185	0.148874	0.153796	0.170552	0.105185	0.170552	0.0520968
